0.01	8.17096e-010	2.04489
0.02	4.56792e-010	1.4646
0.03	1.02806e-010	-1.67699
0.04	2.40323e-009	0.946419
0.05	1.46619e-008	-0.226848
0.06	9.23583e-010	1.46492
0.07	5.59008e-009	1.46458
0.08	7.39511e-009	1.45978
0.09	7.1191e-010	-2.84895
0.1	1.14061e-008	1.46461
0.11	4.57995e-009	1.4646
0.12	1.15366e-009	0.572263
0.13	1.48207e-009	-0.901002
0.14	2.23553e-008	1.4646
0.15	5.73212e-009	1.4646
0.16	2.92004e-008	1.46461
0.17	5.19074e-009	-1.67642
0.18	2.66596e-009	1.30159
0.19	1.88416e-008	1.4646
0.2	4.56246e-008	1.46457
0.21	4.63414e-009	-1.0337
0.22	4.71217e-009	-1.95574
0.23	4.21465e-009	-1.67694
0.24	1.46459e-008	1.46458
0.25	7.1333e-008	1.46475
0.26	7.83737e-009	-1.75261
0.27	2.38774e-008	1.46505
0.28	8.94106e-008	1.46501
0.29	9.05449e-009	-1.38203
0.3	8.92803e-009	-2.35998
0.31	2.24688e-008	1.43354
0.32	1.0631e-009	2.79032
0.33	1.16425e-008	1.60412
0.34	9.62764e-009	-1.82346
0.35	1.43503e-007	1.47722
0.36	7.2232e-008	1.38712
0.37	7.06078e-008	1.14441
0.38	1.52115e-007	1.07234
0.39	1.23301e-007	0.0247289
0.4	3.23619e-007	0.575744
0.41	4.30348e-007	-0.196797
0.42	6.5906e-007	-0.264792
0.43	8.75952e-007	-0.334733
0.44	1.23092e-006	-0.993958
0.45	1.78855e-006	-1.59029
0.46	3.37886e-006	-2.19193
0.47	6.91521e-006	-2.5631
0.48	1.34221e-005	-2.81423
0.49	2.36366e-005	-3.00167
0.5	3.8009e-005	3.11914
0.51	5.62241e-005	2.9404
0.52	7.66381e-005	2.73615
0.53	9.81826e-005	2.47605
0.54	0.00012227	2.10315
0.55	0.000162989	1.57221
0.56	0.000256922	1.0839
0.57	0.000440606	0.676379
0.58	0.000727055	0.401997
0.59	0.00112466	0.180465
0.6	0.00161695	-0.0156669
0.61	0.00216177	-0.230894
0.62	0.0027182	-0.459157
0.63	0.00326014	-0.746294
0.64	0.00388846	-1.10717
0.65	0.00489448	-1.57426
0.66	0.00680911	-2.00213
0.67	0.00996825	-2.36903
0.68	0.0146091	-2.69815
0.69	0.0200952	-2.93335
0.7	0.0262353	-3.1412
0.71	0.03241	2.88061
0.72	0.0385084	2.65014
0.73	0.043854	2.32739
0.74	0.0504866	1.99115
0.75	0.0600061	1.55972
0.76	0.0753987	1.20047
0.77	0.0979051	0.838549
0.78	0.127224	0.497925
0.79	0.158127	0.257285
0.8	0.190164	0.00981921
0.81	0.220081	-0.255629
0.82	0.245861	-0.553088
0.83	0.271395	-0.840919
0.84	0.297749	-1.2203
0.85	0.335527	-1.56236
0.86	0.38596	-1.89709
0.87	0.450758	-2.26332
0.88	0.522411	-2.59178
0.89	0.589729	-2.83809
0.9	0.652507	3.11591
0.91	0.703759	2.85199
0.92	0.745362	2.54489
0.93	0.783706	2.24976
0.94	0.821826	1.91518
0.95	0.864536	1.54922
0.96	0.910358	1.22528
0.97	0.95109	0.948914
0.98	0.982696	0.597639
0.99	0.9985	0.292153
1	0.999836	0.0314171
1.01	0.989981	-0.309397
1.02	0.973053	-0.664907
1.03	0.948881	-0.963388
1.04	0.915378	-1.26286
1.05	0.86829	-1.5599
1.06	0.804452	-1.85483
1.07	0.724421	-2.15107
1.08	0.633016	-2.45302
1.09	0.535799	-2.83493
1.1	0.44349	3.13037
1.11	0.355431	2.81689
1.12	0.270025	2.51898
1.13	0.18603	2.17493
1.14	0.101318	1.86072
1.15	0.0196832	1.55796
1.16	0.0526466	-1.83086
1.17	0.11059	-2.10017
1.18	0.150522	-2.44036
1.19	0.176055	-2.79276
1.2	0.192644	3.13975
1.21	0.203259	2.8137
1.22	0.209325	2.44813
1.23	0.205629	2.14235
1.24	0.189796	1.81968
1.25	0.158446	1.60642
1.26	0.117063	1.28174
1.27	0.072108	1.0309
1.28	0.0291267	0.668729
1.29	0.00793932	-2.49996
1.3	0.0392354	3.1367
1.31	0.0690663	2.76017
1.32	0.0990842	2.38272
1.33	0.12471	2.10025
1.34	0.142632	1.81677
1.35	0.14651	1.58818
1.36	0.136158	1.32748
1.37	0.114819	1.08459
1.38	0.086745	0.768535
1.39	0.0583926	0.352889
1.4	0.0335551	0.0685668
1.41	0.00901606	-0.196111
1.42	0.0185687	2.24043
1.43	0.0484763	1.99866
1.44	0.0756961	1.78743
1.45	0.0959088	1.55696
1.46	0.104955	1.36125
1.47	0.101963	1.11905
1.48	0.0886281	0.79754
1.49	0.0730824	0.470439
1.5	0.0576352	0.0524918
1.51	0.0438384	-0.39983
1.52	0.0270755	-0.691236
1.53	0.00563638	-0.62583
1.54	0.0202259	1.73743
1.55	0.0447645	1.54681
1.56	0.0622534	1.34006
1.57	0.0714004	1.14808
1.58	0.0712192	0.890786
1.59	0.0643624	0.529488
1.6	0.0570785	0.0424557
1.61	0.0522807	-0.351708
1.62	0.0462612	-0.719475
1.63	0.0351284	-1.0291
1.64	0.0170856	-1.28944
1.65	0.00491747	1.5246
1.66	0.0254605	1.4113
1.67	0.0395398	1.17095
1.68	0.0469679	0.9287
1.69	0.0477747	0.585886
1.7	0.0465598	0.109795
1.71	0.0487736	-0.42456
1.72	0.0502756	-0.754946
1.73	0.0495311	-1.12882
1.74	0.0390155	-1.35835
1.75	0.0220368	-1.51425
1.76	0.00306735	-2.11584
1.77	0.0143827	1.33682
1.78	0.025823	1.04334
1.79	0.0305944	0.651786
1.8	0.0330605	0.0801494
1.81	0.0405058	-0.537342
1.82	0.0482977	-0.87971
1.83	0.0524652	-1.14981
1.84	0.0494101	-1.37938
1.85	0.0381241	-1.52872
1.86	0.0222408	-1.80074
1.87	0.00596109	-2.27537
1.88	0.00813803	1.2874
1.89	0.0157359	0.750799
1.9	0.0205512	0.107564
1.91	0.02962	-0.555586
1.92	0.0398982	-0.885421
1.93	0.0482548	-1.1378
1.94	0.0510655	-1.34604
1.95	0.0461645	-1.54155
1.96	0.0342238	-1.75982
1.97	0.0190597	-2.06877
1.98	0.00615988	-2.59292
1.99	0.00460518	1.16976
2	0.0104329	0.27402
2.01	0.0183216	-0.427656
2.02	0.0305114	-0.898655
2.03	0.0430803	-1.20053
2.04	0.0503826	-1.4291
2.05	0.0487069	-1.57264
2.06	0.040633	-1.7354
2.07	0.0281665	-1.94786
2.08	0.0150504	-2.28081
2.09	0.00518007	-2.92547
2.1	0.00210608	0.201047
2.11	0.0101465	-0.505411
2.12	0.0231912	-1.01164
2.13	0.035012	-1.20988
2.14	0.0440042	-1.37643
2.15	0.0472052	-1.5328
2.16	0.0432131	-1.70083
2.17	0.0331573	-1.91252
2.18	0.0207331	-2.22925
2.19	0.0106171	-2.73796
2.2	0.00372646	3.11765
2.21	0.00479653	-0.994953
2.22	0.0156845	-1.0981
2.23	0.0280635	-1.26804
2.24	0.0386498	-1.42215
2.25	0.044006	-1.57248
2.26	0.0421348	-1.74017
2.27	0.033719	-1.96064
2.28	0.0244214	-2.16314
2.29	0.0141438	-2.65209
2.3	0.0077312	-3.06793
2.31	0.0019403	-2.87352
2.32	0.00929613	-1.24106
2.33	0.0210984	-1.32049
2.34	0.0322999	-1.44758
2.35	0.0393553	-1.58305
2.36	0.0397876	-1.73893
2.37	0.0358241	-1.85469
2.38	0.0260171	-2.13136
2.39	0.0161596	-2.60259
2.4	0.0103422	-3.01752
2.41	0.00525097	2.85054
2.42	0.00386515	-1.60363
2.43	0.0139992	-1.3532
2.44	0.0251703	-1.43636
2.45	0.0338861	-1.5494
2.46	0.0373394	-1.68087
2.47	0.0343965	-1.84866
2.48	0.0264378	-2.09803
2.49	0.0173886	-2.52534
2.5	0.0120442	-2.89914
2.51	0.00784616	2.80783
2.52	0.00248472	-3.09545
2.53	0.0085254	-1.46273
2.54	0.018974	-1.45175
2.55	0.02876	-1.58979
2.56	0.033139	-1.6994
2.57	0.0320702	-1.84389
2.58	0.0262541	-2.05572
2.59	0.0184441	-2.408
2.6	0.0125931	-2.97853
2.61	0.00963314	2.72953
2.62	0.00524776	2.52335
2.63	0.00420508	-1.72484
2.64	0.0137876	-1.49661
2.65	0.0235347	-1.58628
2.66	0.0294731	-1.66502
2.67	0.0289638	-1.84852
2.68	0.0254311	-2.01856
2.69	0.0166563	-2.51422
2.7	0.012616	-3.04093
2.71	0.0106254	2.72469
2.72	0.00758188	2.44118
2.73	0.00205206	3.12407
2.74	0.00876873	-1.54428
2.75	0.0184395	-1.55984
2.76	0.025403	-1.6574
2.77	0.027178	-1.79788
2.78	0.0233696	-2.01616
2.79	0.0165214	-2.42437
2.8	0.0129956	-2.79159
2.81	0.0111099	2.71714
2.82	0.0098567	2.25909
2.83	0.00435781	2.33156
2.84	0.00489403	-1.65973
2.85	0.0140391	-1.5757
2.86	0.0208702	-1.68973
2.87	0.023749	-1.80202
2.88	0.0223416	-1.96572
2.89	0.0177722	-2.23302
2.9	0.0117295	-3.11247
2.91	0.01183	2.57103
2.92	0.0112011	2.2268
2.93	0.0069688	2.08113
2.94	0.00142762	-2.24731
2.95	0.0100648	-1.59538
2.96	0.0173209	-1.67164
2.97	0.020132	-1.81293
2.98	0.0210194	-1.92347
2.99	0.0156858	-2.27135
3	0.0111277	-3.01336
