0.01	1.58381e-009	-2.36529
0.02	4.22275e-010	-1.29247
0.03	9.50377e-011	1.84913
0.04	2.58637e-009	-0.857431
0.05	7.00828e-009	2.96873
0.06	8.53795e-010	-1.29246
0.07	5.16767e-009	-1.29247
0.08	6.55475e-009	-1.19376
0.09	1.26271e-009	1.5158
0.1	1.05442e-008	-1.29247
0.11	4.23388e-009	-1.29247
0.12	5.12186e-009	1.60101
0.13	1.33891e-009	1.68093
0.14	2.06661e-008	-1.29247
0.15	5.29914e-009	-1.29244
0.16	2.69944e-008	-1.29248
0.17	4.55389e-009	1.65898
0.18	1.59955e-009	-1.04903
0.19	1.74203e-008	-1.29321
0.2	4.21667e-008	-1.29329
0.21	5.77458e-009	1.43352
0.22	6.30847e-009	2.01136
0.23	4.74875e-009	1.88121
0.24	1.13748e-008	-1.28058
0.25	6.11033e-008	-1.26814
0.26	1.75291e-008	1.54279
0.27	1.78341e-008	-0.152452
0.28	7.60071e-008	-0.753216
0.29	8.45693e-008	0.414109
0.3	1.49434e-007	0.108504
0.31	3.26585e-007	-0.403115
0.32	6.02245e-007	-0.689389
0.33	1.12976e-006	-0.994894
0.34	1.99965e-006	-1.2987
0.35	3.61382e-006	-1.57083
0.36	5.96093e-006	-1.8894
0.37	9.88518e-006	-2.21024
0.38	1.63025e-005	-2.52438
0.39	2.65799e-005	-2.86516
0.4	4.26256e-005	3.13812
0.41	6.69347e-005	2.8125
0.42	0.000102245	2.52852
0.43	0.000152318	2.23015
0.44	0.000223202	1.8835
0.45	0.000325762	1.54628
0.46	0.000478127	1.19682
0.47	0.000704906	0.875422
0.48	0.0010372	0.554615
0.49	0.0015003	0.257809
0.5	0.00211095	-0.00376025
0.51	0.00287333	-0.307501
0.52	0.00378818	-0.595498
0.53	0.00488705	-0.889882
0.54	0.00624513	-1.21199
0.55	0.00803982	-1.58043
0.56	0.0105651	-1.92271
0.57	0.0141366	-2.28112
0.58	0.0188437	-2.59141
0.59	0.0246428	-2.88149
0.6	0.0312121	3.13169
0.61	0.0380843	2.84429
0.62	0.0449845	2.5668
0.63	0.0519132	2.26303
0.64	0.0595908	1.93746
0.65	0.0692117	1.56149
0.66	0.0824178	1.2124
0.67	0.0997291	0.874444
0.68	0.121069	0.525853
0.69	0.14258	0.252949
0.7	0.162561	0.00616364
0.71	0.178402	-0.297459
0.72	0.189934	-0.550054
0.73	0.195802	-0.878765
0.74	0.201068	-1.19496
0.75	0.207421	-1.58392
0.76	0.217594	-1.91258
0.77	0.230125	-2.26256
0.78	0.241106	-2.61227
0.79	0.241316	-2.86802
0.8	0.230139	-3.1299
0.81	0.205301	2.87971
0.82	0.167547	2.58513
0.83	0.121638	2.31266
0.84	0.0688815	1.95463
0.85	0.0127694	1.61072
0.86	0.0490758	-1.82075
0.87	0.118898	-2.19493
0.88	0.198739	-2.54642
0.89	0.286827	-2.8148
0.9	0.379719	3.11625
0.91	0.472054	2.84051
0.92	0.560154	2.52828
0.93	0.643376	2.2355
0.94	0.721346	1.90755
0.95	0.79558	1.54906
0.96	0.865059	1.22891
0.97	0.924305	0.952791
0.98	0.969524	0.600025
0.99	0.994767	0.292821
1	0.999836	0.0314149
1.01	0.986885	-0.308971
1.02	0.959668	-0.663667
1.03	0.919116	-0.962001
1.04	0.864752	-1.2621
1.05	0.794206	-1.55986
1.06	0.705998	-1.85444
1.07	0.602077	-2.14851
1.08	0.488475	-2.44701
1.09	0.372037	-2.828
1.1	0.264597	3.13115
1.11	0.167158	2.79707
1.12	0.0793705	2.44384
1.13	0.00591519	0.608237
1.14	0.0721169	-1.24673
1.15	0.133612	-1.58686
1.16	0.179337	-1.87543
1.17	0.205668	-2.14129
1.18	0.211001	-2.47087
1.19	0.200482	-2.80562
1.2	0.180616	3.13928
1.21	0.155666	2.81116
1.22	0.12835	2.4275
1.23	0.0957233	2.09774
1.24	0.0572679	1.76402
1.25	0.0129536	1.53874
1.26	0.0309988	-1.95444
1.27	0.068436	-2.15602
1.28	0.0951152	-2.43167
1.29	0.109208	-2.78931
1.3	0.114676	3.13233
1.31	0.115172	2.79063
1.32	0.113068	2.40624
1.33	0.104939	2.10008
1.34	0.0894076	1.80129
1.35	0.0639676	1.5809
1.36	0.0320897	1.40551
1.37	0.00517818	2.91625
1.38	0.0315951	-2.54774
1.39	0.053178	-2.83613
1.4	0.0676626	-3.07233
1.41	0.0777055	2.78771
1.42	0.0858478	2.42233
1.43	0.0916808	2.06161
1.44	0.0894709	1.80217
1.45	0.0781288	1.55659
1.46	0.0578134	1.3826
1.47	0.0320155	1.23993
1.48	0.00714539	1.6981
1.49	0.0189274	-2.90918
1.5	0.0355946	-3.10961
1.51	0.0486328	2.7795
1.52	0.0604514	2.42683
1.53	0.0714425	2.07817
1.54	0.0770686	1.83928
1.55	0.0759918	1.54803
1.56	0.0643799	1.33547
1.57	0.0463921	1.18619
1.58	0.0248061	1.05706
1.59	0.0051627	1.53125
1.6	0.0145406	3.13535
1.61	0.027389	2.88974
1.62	0.0391926	2.51335
1.63	0.0516254	2.13026
1.64	0.0626206	1.79551
1.65	0.0669187	1.57635
1.66	0.0629622	1.36686
1.67	0.0501948	1.14671
1.68	0.0336365	0.97998
1.69	0.0155038	0.799902
1.7	0.00149052	2.35183
1.71	0.012705	2.98777
1.72	0.0233774	2.60046
1.73	0.0354866	2.11374
1.74	0.047534	1.80159
1.75	0.0554375	1.61682
1.76	0.0567768	1.37119
1.77	0.0505695	1.19698
1.78	0.03789	0.995659
1.79	0.0219203	0.720265
1.8	0.00741435	0.170528
1.81	0.00399249	-2.47999
1.82	0.0116479	2.75019
1.83	0.0219243	2.20248
1.84	0.0339954	1.82233
1.85	0.0439932	1.61927
1.86	0.0487489	1.36234
1.87	0.0465977	1.18656
1.88	0.0378041	0.980813
1.89	0.0248486	0.689141
1.9	0.0124118	0.140692
1.91	0.0061407	-1.05838
1.92	0.00529313	-2.73978
1.93	0.0118186	2.44138
1.94	0.0224264	1.93097
1.95	0.0334395	1.61645
1.96	0.0405843	1.37079
1.97	0.040535	1.12956
1.98	0.0353888	0.947215
1.99	0.0259126	0.69142
2	0.0155143	0.250743
2.01	0.00876902	-0.589851
2.02	0.00628733	-1.64995
2.03	0.00512861	3.06005
2.04	0.0131144	1.9001
2.05	0.0241604	1.58408
2.06	0.0327449	1.37549
2.07	0.036108	1.18426
2.08	0.0330617	0.964246
2.09	0.0249656	0.643723
2.1	0.0164003	0.0650512
2.11	0.01141	-0.524844
2.12	0.0103806	-1.32693
2.13	0.00568895	-2.03974
2.14	0.00622464	2.30427
2.15	0.0161677	1.67026
2.16	0.0256374	1.39888
2.17	0.0306918	1.17901
2.18	0.0293765	0.929139
2.19	0.0228824	0.547768
2.2	0.0169728	0.154968
2.21	0.0145757	-0.721935
2.22	0.0132484	-1.22131
2.23	0.00942784	-1.62735
2.24	0.00274608	-2.69578
2.25	0.00948919	1.61842
2.26	0.0191197	1.30831
2.27	0.0247785	1.07587
2.28	0.0263341	0.936093
2.29	0.0215074	0.548781
2.3	0.0167872	0.151266
2.31	0.0135888	-0.447442
2.32	0.0153156	-1.17971
2.33	0.0126717	-1.50187
2.34	0.00604099	-1.81899
2.35	0.00394565	1.63842
2.36	0.0136571	1.25768
2.37	0.0209557	1.16355
2.38	0.0230271	0.915779
2.39	0.0198752	0.539372
2.4	0.0163115	0.173122
2.41	0.0154115	-0.672049
2.42	0.0158107	-1.11849
2.43	0.0143583	-1.42637
2.44	0.0092294	-1.6663
2.45	0.00103825	-2.54167
2.46	0.00892813	1.31906
2.47	0.0166674	1.11713
2.48	0.0200028	0.898215
2.49	0.0184651	0.564669
2.5	0.0159007	0.277828
2.51	0.0142344	-0.513317
2.52	0.0170974	-1.13592
2.53	0.0160008	-1.39373
2.54	0.0117138	-1.59005
2.55	0.0043008	-1.63732
2.56	0.00506189	1.11859
2.57	0.0129517	1.05231
2.58	0.017313	0.88988
2.59	0.0173294	0.62898
2.6	0.0147243	0.165741
2.61	0.0140621	-0.531345
2.62	0.0167418	-1.09473
2.63	0.0180343	-1.4066
2.64	0.0138898	-1.55293
2.65	0.00725843	-1.62116
2.66	0.00173289	0.796556
2.67	0.00980929	0.941538
2.68	0.0148156	0.872572
2.69	0.0149388	0.483264
2.7	0.0137248	0.0899988
2.71	0.0133724	-0.482517
2.72	0.0152618	-0.99861
2.73	0.0167425	-1.3248
2.74	0.0150608	-1.52184
2.75	0.00952014	-1.62527
2.76	0.00181496	-1.09074
2.77	0.00704888	0.907102
2.78	0.0124168	0.802166
2.79	0.0137243	0.51687
2.8	0.0132851	0.292395
2.81	0.0127169	-0.45037
2.82	0.0163614	-1.07741
2.83	0.017119	-1.31695
2.84	0.0168384	-1.52977
2.85	0.0114016	-1.60612
2.86	0.00402062	-1.30535
2.87	0.00498	0.667223
2.88	0.0104646	0.787721
2.89	0.0129781	0.646186
2.9	0.0119611	0.0148924
2.91	0.0126932	-0.561564
2.92	0.0155802	-1.04819
2.93	0.0180422	-1.34347
2.94	0.0174204	-1.51606
2.95	0.0129207	-1.59992
2.96	0.00585547	-1.46346
2.97	0.00374093	0.276518
2.98	0.00866409	0.751802
2.99	0.0113593	0.551729
3	0.0112011	0.0804776
