0.01	0.00607191	1.5702
0.02	0.0219774	1.56696
0.03	0.0417026	1.56119
0.04	0.0576422	1.55248
0.05	0.0638317	1.53954
0.06	0.0578581	1.52006
0.07	0.042066	1.48905
0.08	0.0224247	1.43089
0.09	0.00637181	1.2698
0.1	1.29966e-008	-0.157775
0.11	0.00640844	1.87098
0.12	0.0225466	1.70387
0.13	0.042503	1.63402
0.14	0.0586373	1.58618
0.15	0.0651363	1.54032
0.16	0.0593696	1.48922
0.17	0.0433153	1.41717
0.18	0.0236059	1.29966
0.19	0.00745917	1.02406
0.2	5.25316e-008	-0.00101576
0.21	0.00750371	2.1199
0.22	0.0240068	1.83627
0.23	0.0445733	1.70533
0.24	0.0611062	1.61984
0.25	0.067908	1.54331
0.26	0.062033	1.45584
0.27	0.0461582	1.35044
0.28	0.0260743	1.18381
0.29	0.0089935	0.822416
0.3	1.23958e-008	-3.10383
0.31	0.00912665	2.32288
0.32	0.0264984	1.96203
0.33	0.0477359	1.78036
0.34	0.0654667	1.65031
0.35	0.0725429	1.54707
0.36	0.0669339	1.42984
0.37	0.0504861	1.28569
0.38	0.0295836	1.07568
0.39	0.0112306	0.667534
0.4	2.10546e-007	0.000206818
0.41	0.011743	2.44303
0.42	0.0303858	2.07968
0.43	0.0527668	1.85852
0.44	0.0720464	1.68374
0.45	0.0798335	1.54221
0.46	0.0738786	1.39168
0.47	0.0569278	1.21962
0.48	0.0345075	0.965313
0.49	0.0145664	0.567931
0.5	3.28977e-007	2.46287e-005
0.51	0.0152646	2.5467
0.52	0.0370098	2.16297
0.53	0.0616099	1.91892
0.54	0.0819769	1.72987
0.55	0.0912663	1.54975
0.56	0.0858869	1.38036
0.57	0.0673959	1.16257
0.58	0.0430045	0.891192
0.59	0.0195385	0.504243
0.6	1.05261e-007	0.0034782
0.61	0.0205423	2.62867
0.62	0.0466784	2.25885
0.63	0.0754933	1.98265
0.64	0.0990435	1.76494
0.65	0.110229	1.55163
0.66	0.104915	1.35083
0.67	0.0851281	1.11827
0.68	0.0560884	0.789783
0.69	0.027361	0.429255
0.7	6.44752e-007	-1.24976e-005
0.71	0.0294117	2.68822
0.72	0.0634327	2.36303
0.73	0.100444	2.04401
0.74	0.130133	1.80658
0.75	0.145502	1.55116
0.76	0.141181	1.33294
0.77	0.118299	1.06453
0.78	0.0824482	0.721212
0.79	0.0427871	0.402921
0.8	8.42111e-007	7.27679e-007
0.81	0.0471735	2.78293
0.82	0.100676	2.4141
0.83	0.155027	2.1303
0.84	0.202407	1.82103
0.85	0.229358	1.56875
0.86	0.230482	1.31438
0.87	0.203385	0.999528
0.88	0.153209	0.663974
0.89	0.0856196	0.376945
0.9	9.10007e-008	-3.05168
0.91	0.104942	2.80521
0.92	0.230453	2.47263
0.93	0.370858	2.18402
0.94	0.516355	1.87767
0.95	0.652854	1.54833
0.96	0.769445	1.24675
0.97	0.863599	0.974567
0.98	0.932622	0.615394
0.99	0.979547	0.297746
1	0.999837	0.0314159
1.01	0.98764	-0.304649
1.02	0.938278	-0.647843
1.03	0.854944	-0.937595
1.04	0.745385	-1.24005
1.05	0.621031	-1.55603
1.06	0.491811	-1.88116
1.07	0.362847	-2.20585
1.08	0.235679	-2.51937
1.09	0.113091	-2.87922
1.1	1.96834e-007	-3.14141
1.11	0.0934164	-0.279351
1.12	0.159961	-0.539749
1.13	0.195602	-0.873484
1.14	0.205294	-1.22381
1.15	0.197356	-1.58415
1.16	0.177586	-1.9344
1.17	0.147037	-2.2529
1.18	0.106524	-2.59987
1.19	0.0553909	-2.89508
1.2	2.10259e-007	-3.14043
1.21	0.0507674	-0.242593
1.22	0.088665	-0.528119
1.23	0.110141	-0.817642
1.24	0.115663	-1.20435
1.25	0.113333	-1.50411
1.26	0.105558	-1.96981
1.27	0.0910055	-2.27591
1.28	0.0686968	-2.59231
1.29	0.0373438	-2.90448
1.3	2.75632e-007	3.14159
1.31	0.035458	-0.236746
1.32	0.061897	-0.505674
1.33	0.0765908	-0.774716
1.34	0.0796095	-1.14337
1.35	0.0774924	-1.51745
1.36	0.0733401	-1.96091
1.37	0.0654943	-2.30766
1.38	0.0513368	-2.63648
1.39	0.0286239	-2.93918
1.4	2.57828e-006	1.10794e-006
1.41	0.0275662	-0.225303
1.42	0.0481739	-0.461955
1.43	0.057881	-0.777874
1.44	0.0599034	-1.11254
1.45	0.057733	-1.56577
1.46	0.0552827	-1.95754
1.47	0.0510564	-2.34474
1.48	0.0413718	-2.68294
1.49	0.0230804	-2.90927
1.5	6.58491e-007	0.00598299
1.51	0.0226591	-0.227082
1.52	0.0394882	-0.440672
1.53	0.0471477	-0.728198
1.54	0.0485367	-1.02211
1.55	0.0453684	-1.58273
1.56	0.0449656	-2.06808
1.57	0.041949	-2.38948
1.58	0.03403	-2.67068
1.59	0.0195137	-2.91479
1.6	5.25906e-010	-0.000301177
1.61	0.0195828	-0.173301
1.62	0.0342175	-0.379394
1.63	0.0404654	-0.655859
1.64	0.0390653	-1.07381
1.65	0.0370227	-1.51418
1.66	0.0364474	-2.02219
1.67	0.0361851	-2.46103
1.68	0.0295216	-2.70957
1.69	0.016972	-2.92369
1.7	2.02594e-006	-1.78755e-008
1.71	0.017105	-0.183806
1.72	0.0300533	-0.352697
1.73	0.0340419	-0.677768
1.74	0.0330229	-1.05119
1.75	0.0312224	-1.41111
1.76	0.0306916	-2.0308
1.77	0.0300266	-2.40788
1.78	0.0255121	-2.70118
1.79	0.0150632	-2.93357
1.8	2.63914e-007	-0.0243709
1.81	0.0151257	-0.206682
1.82	0.0260351	-0.385894
1.83	0.0302989	-0.632662
1.84	0.0286015	-1.01861
1.85	0.0266359	-1.40044
1.86	0.0265572	-2.06624
1.87	0.0265671	-2.44533
1.88	0.0228817	-2.72793
1.89	0.0135947	-2.94658
1.9	4.3463e-007	1.59868e-010
1.91	0.0137468	-0.18853
1.92	0.0238513	-0.345425
1.93	0.0280815	-0.556797
1.94	0.0265406	-0.881461
1.95	0.0230107	-1.4077
1.96	0.022982	-2.05618
1.97	0.0248927	-2.54351
1.98	0.0210521	-2.76934
1.99	0.0123566	-2.95041
2	5.25939e-006	-3.44085e-007
2.01	0.0128319	-0.127179
2.02	0.0220726	-0.311296
2.03	0.0248213	-0.569169
2.04	0.0218708	-1.01246
2.05	0.0199452	-1.49296
2.06	0.0201255	-2.04749
2.07	0.0211823	-2.47934
2.08	0.0189854	-2.76789
2.09	0.0114854	-2.9762
2.1	6.34457e-007	3.13349
2.11	0.0118553	-0.123265
2.12	0.0198876	-0.329635
2.13	0.0232406	-0.519697
2.14	0.0216609	-0.815847
2.15	0.0181208	-1.31726
2.16	0.0174728	-1.98354
2.17	0.019179	-2.49396
2.18	0.0178067	-2.8039
2.19	0.0108555	-3.01625
2.2	1.10535e-006	-8.36488e-007
2.21	0.0107647	-0.175982
2.22	0.0183644	-0.322867
2.23	0.0209506	-0.527601
2.24	0.0188382	-0.865173
2.25	0.0157723	-1.46142
2.26	0.0167918	-2.16868
2.27	0.0193019	-2.62621
2.28	0.0163489	-2.80533
2.29	0.0101249	-3.02001
2.3	9.2127e-007	-2.25861e-010
2.31	0.0103502	-0.108886
2.32	0.0170122	-0.319654
2.33	0.0191803	-0.524246
2.34	0.0169458	-0.870916
2.35	0.0141149	-1.49906
2.36	0.0155333	-2.21918
2.37	0.0158784	-2.50658
2.38	0.0153282	-2.82284
2.39	0.00950851	-3.02634
2.4	1.68611e-006	0.0012267
2.41	0.0094884	-0.160155
2.42	0.0162511	-0.288862
2.43	0.0186508	-0.46555
2.44	0.0167419	-0.753486
2.45	0.013245	-1.287
2.46	0.012932	-2.03074
2.47	0.0150371	-2.54879
2.48	0.0143738	-2.83436
2.49	0.00889964	-3.0207
2.5	8.21453e-006	-2.01098e-007
2.51	0.00912632	-0.12033
2.52	0.0149801	-0.301922
2.53	0.0173898	-0.456951
2.54	0.0160073	-0.700287
2.55	0.0115848	-1.51421
2.56	0.0125245	-2.17008
2.57	0.0143698	-2.59123
2.58	0.0133966	-2.83567
2.59	0.00825425	-3.00069
2.6	1.2631e-006	4.67495e-006
2.61	0.00862696	-0.122465
2.62	0.014405	-0.276311
2.63	0.0152401	-0.508986
2.64	0.0144613	-0.720985
2.65	0.0106281	-1.46952
2.66	0.0108073	-2.03859
2.67	0.0140836	-2.64979
2.68	0.0125442	-2.83811
2.69	0.0080967	-3.04744
2.7	9.18682e-007	-3.14103
2.71	0.00824036	-0.110634
2.72	0.0142544	-0.228071
2.73	0.0163129	-0.386595
2.74	0.0142496	-0.650179
2.75	0.0104329	-1.18998
2.76	0.00994133	-2.04124
2.77	0.0123263	-2.59419
2.78	0.0121724	-2.86727
2.79	0.00762603	-3.03694
2.8	1.03011e-005	-1.94724e-007
2.81	0.00787856	-0.102938
2.82	0.0129982	-0.261302
2.83	0.0153942	-0.380613
2.84	0.0117886	-0.775742
2.85	0.00942878	-1.24749
2.86	0.0106786	-2.31945
2.87	0.0122597	-2.65645
2.88	0.0112775	-2.85546
2.89	0.00693484	-2.99177
2.9	1.0969e-006	3.14065
2.91	0.0074282	-0.124027
2.92	0.012556	-0.243782
2.93	0.0138285	-0.415151
2.94	0.0113974	-0.729196
2.95	0.00835545	-1.42743
2.96	0.00975283	-2.29741
2.97	0.0125111	-2.73037
2.98	0.0105001	-2.84679
2.99	0.00680639	-3.02076
3	1.31296e-006	-3.14013
