0.01	9.79954e-010	-1.76638
0.02	6.02491e-010	-2.08457
0.03	1.36587e-010	1.0605
0.04	2.6355e-009	-1.75696
0.05	5.08057e-009	-2.87769
0.06	1.54153e-009	1.96972
0.07	6.36432e-009	2.2906
0.08	2.75572e-008	1.95821
0.09	6.91836e-008	1.95959
0.1	1.11677e-007	-3.08836
0.11	5.98706e-007	-2.13308
0.12	2.51895e-006	-1.88172
0.13	7.70428e-006	-1.76702
0.14	1.89949e-005	-1.68613
0.15	3.96995e-005	-1.60401
0.16	7.17642e-005	-1.50998
0.17	0.000111882	-1.37449
0.18	0.000151563	-1.16172
0.19	0.000182281	-0.761038
0.2	0.000246644	-0.062645
0.21	0.000483752	0.60038
0.22	0.000976596	0.958394
0.23	0.00174694	1.18394
0.24	0.0027519	1.35646
0.25	0.00391614	1.53004
0.26	0.00509204	1.7441
0.27	0.00622385	1.99934
0.28	0.00744419	2.32917
0.29	0.00918425	2.72879
0.3	0.0119499	3.10325
0.31	0.0155966	-2.87087
0.32	0.0193661	-2.60039
0.33	0.0222396	-2.34309
0.34	0.0234944	-2.02636
0.35	0.0241336	-1.63658
0.36	0.0273183	-1.10008
0.37	0.0365915	-0.627276
0.38	0.0505587	-0.323496
0.39	0.0657638	-0.135121
0.4	0.0764861	-0.0374589
0.41	0.0795151	0.02125
0.42	0.0732046	0.0286623
0.43	0.0568794	-0.0218779
0.44	0.0306698	-0.250906
0.45	0.0151191	-1.56273
0.46	0.0357733	-2.51228
0.47	0.0551505	-2.70547
0.48	0.0648044	-2.83025
0.49	0.0615146	-2.96009
0.5	0.0478872	3.13848
0.51	0.0313051	2.67879
0.52	0.0244329	1.87608
0.53	0.0272778	1.29262
0.54	0.0251188	1.09203
0.55	0.0125967	1.4605
0.56	0.0195777	-3.13554
0.57	0.0507851	-2.92601
0.58	0.0794629	-2.94508
0.59	0.0988151	-3.02891
0.6	0.103988	3.12328
0.61	0.0955471	2.91084
0.62	0.0802554	2.61285
0.63	0.0666324	2.20831
0.64	0.0580349	1.80873
0.65	0.0481888	1.54673
0.66	0.0310358	1.63576
0.67	0.0250105	2.69464
0.68	0.0572828	-3.06361
0.69	0.0922215	-3.05151
0.7	0.117835	3.13172
0.71	0.128169	2.92364
0.72	0.126196	2.68311
0.73	0.115873	2.31516
0.74	0.107361	1.94093
0.75	0.0981504	1.55499
0.76	0.0806643	1.32295
0.77	0.0490015	1.24783
0.78	0.0211009	2.39659
0.79	0.0635032	-3.08919
0.8	0.114227	3.13552
0.81	0.153743	2.93723
0.82	0.176685	2.65106
0.83	0.189353	2.33737
0.84	0.194385	1.92572
0.85	0.196505	1.57757
0.86	0.185635	1.27204
0.87	0.151591	0.96791
0.88	0.0885841	0.738253
0.89	0.0128748	1.90427
0.9	0.104665	3.11352
0.91	0.213233	2.90084
0.92	0.319935	2.5987
0.93	0.426865	2.28713
0.94	0.535629	1.93151
0.95	0.65023	1.54951
0.96	0.765209	1.22047
0.97	0.865649	0.945206
0.98	0.94282	0.596269
0.99	0.987061	0.292057
1	0.999835	0.0314146
1.01	0.984867	-0.308924
1.02	0.945703	-0.662182
1.03	0.882228	-0.957657
1.04	0.794683	-1.25624
1.05	0.685496	-1.55846
1.06	0.561436	-1.86746
1.07	0.432329	-2.18602
1.08	0.307138	-2.51212
1.09	0.191579	-2.89545
1.1	0.083019	3.12166
1.11	0.0190552	-0.824471
1.12	0.105218	-0.750198
1.13	0.176002	-1.03284
1.14	0.22013	-1.31085
1.15	0.234564	-1.58812
1.16	0.223437	-1.87296
1.17	0.195258	-2.16848
1.18	0.158638	-2.54138
1.19	0.118424	-2.88855
1.2	0.0734853	3.12656
1.21	0.0246948	-3.10342
1.22	0.0354066	-1.10547
1.23	0.0844211	-1.13643
1.24	0.123124	-1.36084
1.25	0.141939	-1.53972
1.26	0.142625	-1.85733
1.27	0.130476	-2.124
1.28	0.111325	-2.47138
1.29	0.0902248	-2.86696
1.3	0.0651552	3.12329
1.31	0.0340416	3.05235
1.32	0.0166202	-1.81378
1.33	0.0497303	-1.27534
1.34	0.0821981	-1.38714
1.35	0.10127	-1.55856
1.36	0.105707	-1.81205
1.37	0.0990431	-2.08755
1.38	0.0866504	-2.45442
1.39	0.0736353	-2.8735
1.4	0.0578523	-3.1077
1.41	0.0363996	3.00731
1.42	0.014949	-2.59206
1.43	0.0334458	-1.45848
1.44	0.0600647	-1.43359
1.45	0.0781627	-1.58721
1.46	0.0841535	-1.77687
1.47	0.0800089	-2.05679
1.48	0.0708002	-2.44245
1.49	0.0619496	-2.79642
1.5	0.0517032	-3.12352
1.51	0.0360201	2.97139
1.52	0.0171272	-2.95238
1.53	0.0233383	-1.647
1.54	0.0454411	-1.46332
1.55	0.0631067	-1.59588
1.56	0.0689691	-1.79935
1.57	0.0669664	-2.03351
1.58	0.0602796	-2.36255
1.59	0.0533415	-2.7619
1.6	0.046374	-3.1311
1.61	0.0351803	2.98767
1.62	0.0193359	-3.13193
1.63	0.0171405	-1.8867
1.64	0.0369291	-1.5318
1.65	0.0524469	-1.58007
1.66	0.0592424	-1.74896
1.67	0.056949	-2.03182
1.68	0.0519069	-2.34587
1.69	0.0466238	-2.73196
1.7	0.0417376	-3.09546
1.71	0.0332727	2.95584
1.72	0.0202994	3.06205
1.73	0.0142968	-2.08518
1.74	0.0301551	-1.57829
1.75	0.0444052	-1.56592
1.76	0.0515613	-1.72708
1.77	0.0511779	-1.94394
1.78	0.0461498	-2.27399
1.79	0.0412184	-2.70419
1.8	0.03776	-3.11469
1.81	0.0311417	2.90713
1.82	0.0196597	2.98376
1.83	0.0123011	-2.32553
1.84	0.0250226	-1.62495
1.85	0.0383622	-1.57485
1.86	0.0454015	-1.71517
1.87	0.0454429	-1.92242
1.88	0.0410346	-2.24768
1.89	0.0367438	-2.68344
1.9	0.0342846	-3.10556
1.91	0.0294133	2.90494
1.92	0.0199697	2.94544
1.93	0.0115395	-2.58065
1.94	0.0204727	-1.69087
1.95	0.0336041	-1.585
1.96	0.0407004	-1.69249
1.97	0.0397354	-1.93978
1.98	0.0364615	-2.24363
1.99	0.0331021	-2.64642
2	0.0312613	-3.04425
2.01	0.0279891	2.97016
2.02	0.019948	2.92143
2.03	0.0107398	-2.71226
2.04	0.0181919	-1.71057
2.05	0.0298236	-1.59702
2.06	0.0368243	-1.67373
2.07	0.0374469	-1.86247
2.08	0.0335079	-2.18726
2.09	0.0297221	-2.65741
2.1	0.0285802	-3.1259
2.11	0.0262816	2.96153
2.12	0.0189533	2.86632
2.13	0.010738	-2.87041
2.14	0.0151419	-1.81914
2.15	0.0264096	-1.59883
2.16	0.033762	-1.65016
2.17	0.0344389	-1.83543
2.18	0.0301758	-2.18248
2.19	0.0265051	-2.713
2.2	0.0262501	-3.0745
2.21	0.0244449	2.85524
2.22	0.0183288	2.8328
2.23	0.0101694	-2.9649
2.24	0.013454	-1.84625
2.25	0.0239009	-1.6049
2.26	0.0302817	-1.66113
2.27	0.0300405	-1.86809
2.28	0.0280979	-2.13467
2.29	0.0241852	-2.68456
2.3	0.0241759	-3.07027
2.31	0.0232486	2.95951
2.32	0.0176392	2.7986
2.33	0.00977628	-3.05421
2.34	0.0118923	-1.88726
2.35	0.021639	-1.60698
2.36	0.027729	-1.65151
2.37	0.0298585	-1.78239
2.38	0.0259252	-2.11066
2.39	0.0221307	-2.66406
2.4	0.022346	-3.05076
2.41	0.02175	2.84106
2.42	0.0173452	2.79879
2.43	0.0102209	-3.13855
2.44	0.0105143	-2.00706
2.45	0.0195388	-1.62528
2.46	0.0263227	-1.62483
2.47	0.0275885	-1.7718
2.48	0.0241618	-2.08114
2.49	0.0205831	-2.60817
2.5	0.0207977	-2.97476
2.51	0.020617	2.90727
2.52	0.0164592	2.74986
2.53	0.00995943	3.08252
2.54	0.00949388	-2.09803
2.55	0.0179932	-1.6103
2.56	0.0241423	-1.62227
2.57	0.0255413	-1.76172
2.58	0.0228838	-2.04102
2.59	0.019641	-2.50861
2.6	0.0192332	-3.04108
2.61	0.0194759	2.88658
2.62	0.0161037	2.75248
2.63	0.00883552	3.0136
2.64	0.00859119	-2.12752
2.65	0.0165063	-1.61703
2.66	0.0228673	-1.6097
2.67	0.0234419	-1.75754
2.68	0.0217429	-2.00524
2.69	0.0172548	-2.61959
2.7	0.0178637	-3.08746
2.71	0.018438	2.90072
2.72	0.0159985	2.79576
2.73	0.0102787	2.99756
2.74	0.00797897	-2.24079
2.75	0.0150729	-1.65844
2.76	0.0214305	-1.60326
2.77	0.0230023	-1.71906
2.78	0.0200044	-2.00331
2.79	0.0164099	-2.54429
2.8	0.0168967	-2.92639
2.81	0.0174723	2.9074
2.82	0.015004	2.71691
2.83	0.00999822	2.95844
2.84	0.00699197	-2.16547
2.85	0.0139897	-1.65554
2.86	0.019529	-1.59318
2.87	0.0212212	-1.71524
2.88	0.0195184	-1.95481
2.89	0.0167621	-2.36184
2.9	0.0155589	-3.13634
2.91	0.0166051	2.83256
2.92	0.0145959	2.71885
2.93	0.00913587	2.89831
2.94	0.00649107	-2.25122
2.95	0.0130456	-1.63007
2.96	0.0185126	-1.58449
2.97	0.0192858	-1.71488
2.98	0.019012	-1.91491
2.99	0.0151011	-2.41152
3	0.0146077	-3.07828
