0.01	3.29541e-009	-2.87011
0.02	1.88593e-007	-3.13434
0.03	1.54064e-006	-3.06796
0.04	4.64065e-006	-2.86767
0.05	6.80752e-006	-1.62623
0.06	5.09682e-005	-0.487575
0.07	0.000215227	-0.285715
0.08	0.000609049	-0.189779
0.09	0.00134299	-0.11249
0.1	0.00244213	-0.033201
0.11	0.00378221	0.0704292
0.12	0.00503764	0.22266
0.13	0.00585333	0.471876
0.14	0.00636663	0.899068
0.15	0.0079387	1.52685
0.16	0.012308	2.04997
0.17	0.019036	2.39534
0.18	0.0262254	2.63154
0.19	0.0322141	2.84924
0.2	0.0359216	3.09879
0.21	0.0379574	-2.85087
0.22	0.0411432	-2.45383
0.23	0.0481103	-2.0667
0.24	0.0572186	-1.78747
0.25	0.0642949	-1.60894
0.26	0.0646823	-1.50645
0.27	0.0566014	-1.48697
0.28	0.0407676	-1.57632
0.29	0.0218629	-2.00359
0.3	0.0189749	3.12905
0.31	0.0300561	2.62264
0.32	0.0349336	2.48495
0.33	0.0288582	2.48478
0.34	0.0136325	2.72234
0.35	0.010865	-1.68035
0.36	0.0273962	-1.23898
0.37	0.0368189	-1.20181
0.38	0.0344212	-1.2668
0.39	0.0196428	-1.51494
0.4	0.0113885	-3.02243
0.41	0.0309668	2.36136
0.42	0.0466931	2.19537
0.43	0.0513955	2.07417
0.44	0.0432924	1.89171
0.45	0.0263482	1.55084
0.46	0.0153185	0.452548
0.47	0.022988	-0.490985
0.48	0.0270153	-0.818049
0.49	0.0179644	-1.10966
0.5	0.00765178	-2.90556
0.51	0.0321362	2.32192
0.52	0.0558117	2.13717
0.53	0.0687404	1.99936
0.54	0.0680721	1.83239
0.55	0.0554324	1.5601
0.56	0.0386179	1.11581
0.57	0.0300218	0.363661
0.58	0.0279776	-0.263156
0.59	0.01899	-0.694454
0.6	0.0053946	-2.89793
0.61	0.0348222	2.36961
0.62	0.0651871	2.17518
0.63	0.0867611	2.00295
0.64	0.0935744	1.81783
0.65	0.0857005	1.55723
0.66	0.0687798	1.21717
0.67	0.0520401	0.731558
0.68	0.0407033	0.164557
0.69	0.0244271	-0.290672
0.7	0.00447939	-2.63235
0.71	0.0414016	2.45553
0.72	0.0803166	2.26493
0.73	0.113906	2.03405
0.74	0.130424	1.83165
0.75	0.129235	1.55368
0.76	0.113544	1.2646
0.77	0.0912838	0.867622
0.78	0.0683086	0.398633
0.79	0.0385063	-0.00626582
0.8	0.00379075	-2.49553
0.81	0.0561168	2.62832
0.82	0.116783	2.33022
0.83	0.170057	2.10706
0.84	0.20798	1.82689
0.85	0.221099	1.57108
0.86	0.211439	1.2854
0.87	0.183544	0.915215
0.88	0.141496	0.531075
0.89	0.0808819	0.202917
0.9	0.00236047	-3.05861
0.91	0.112824	2.72313
0.92	0.246684	2.42124
0.93	0.391047	2.16059
0.94	0.53466	1.87126
0.95	0.66452	1.54829
0.96	0.774399	1.24579
0.97	0.865078	0.971311
0.98	0.93416	0.611815
0.99	0.981076	0.296239
1	0.999837	0.031415
1.01	0.986292	-0.30653
1.02	0.940201	-0.65577
1.03	0.866071	-0.951566
1.04	0.769853	-1.25443
1.05	0.656706	-1.55887
1.06	0.530014	-1.85838
1.07	0.39332	-2.14818
1.08	0.253047	-2.4265
1.09	0.117474	-2.77192
1.1	0.00171571	-2.76675
1.11	0.0889314	-0.206582
1.12	0.1525	-0.500056
1.13	0.19035	-0.871297
1.14	0.210284	-1.24236
1.15	0.214643	-1.58599
1.16	0.201308	-1.88734
1.17	0.168874	-2.14495
1.18	0.118778	-2.43616
1.19	0.0594237	-2.70277
1.2	0.00156703	-2.61083
1.21	0.0470737	-0.113315
1.22	0.0811978	-0.437233
1.23	0.103416	-0.793882
1.24	0.117041	-1.22451
1.25	0.125755	-1.51695
1.26	0.124544	-1.90108
1.27	0.109787	-2.12727
1.28	0.0808782	-2.36635
1.29	0.0413409	-2.64073
1.3	0.00127192	-2.69793
1.31	0.0322654	-0.0450215
1.32	0.0550273	-0.363908
1.33	0.0697033	-0.725807
1.34	0.0792552	-1.16443
1.35	0.0874217	-1.53046
1.36	0.0899273	-1.87997
1.37	0.0820207	-2.123
1.38	0.0618305	-2.36381
1.39	0.0318342	-2.63898
1.4	0.00271193	-1.96794
1.41	0.0248573	0.0175794
1.42	0.0422219	-0.279145
1.43	0.0509781	-0.700374
1.44	0.0586629	-1.13124
1.45	0.0660348	-1.57202
1.46	0.0700835	-1.86608
1.47	0.065707	-2.12734
1.48	0.0503028	-2.37363
1.49	0.0273894	-2.52365
1.5	0.00189583	-2.06617
1.51	0.0203333	0.0792138
1.52	0.0341775	-0.214972
1.53	0.0406643	-0.621825
1.54	0.0466417	-1.03758
1.55	0.0524456	-1.58635
1.56	0.0573992	-1.94098
1.57	0.0548844	-2.14151
1.58	0.0433148	-2.32012
1.59	0.0238461	-2.48234
1.6	0.00147827	-2.13198
1.61	0.0176329	0.0915742
1.62	0.0298291	-0.141802
1.63	0.0346068	-0.524354
1.64	0.0369744	-1.08224
1.65	0.0431096	-1.53148
1.66	0.0482145	-1.89594
1.67	0.0471035	-2.18306
1.68	0.0376295	-2.33252
1.69	0.0211972	-2.45408
1.7	0.00220655	-1.90521
1.71	0.0154187	0.145772
1.72	0.0261967	-0.0924277
1.73	0.0283003	-0.510654
1.74	0.030717	-1.05241
1.75	0.0364215	-1.44992
1.76	0.0414857	-1.89382
1.77	0.0414663	-2.115
1.78	0.0338337	-2.29112
1.79	0.0191304	-2.4334
1.8	0.00154145	-1.99495
1.81	0.0137511	0.221714
1.82	0.0223019	-0.0543195
1.83	0.0250588	-0.440169
1.84	0.0261562	-1.0113
1.85	0.0312248	-1.4429
1.86	0.0363533	-1.91165
1.87	0.036921	-2.129
1.88	0.0304477	-2.29608
1.89	0.017391	-2.42465
1.9	0.0015781	-1.94417
1.91	0.012552	0.239121
1.92	0.0206477	-0.0124308
1.93	0.0234823	-0.352562
1.94	0.0239732	-0.863635
1.95	0.0271203	-1.44995
1.96	0.0321867	-1.89713
1.97	0.0332427	-2.20198
1.98	0.0275134	-2.32458
1.99	0.0161532	-2.39909
2	0.00261287	-1.78333
2.01	0.0115634	0.161439
2.02	0.0192755	0.0196197
2.03	0.0203968	-0.32976
2.04	0.0193243	-0.98554
2.05	0.0237253	-1.51759
2.06	0.0287983	-1.88454
2.07	0.0302897	-2.12576
2.08	0.0254879	-2.29839
2.09	0.0146007	-2.4309
2.1	0.000962227	-2.07107
2.11	0.0107026	0.178551
2.12	0.017281	0.059503
2.13	0.0192692	-0.269859
2.14	0.0191028	-0.77575
2.15	0.0213375	-1.38082
2.16	0.0258989	-1.83613
2.17	0.0277801	-2.12375
2.18	0.0234069	-2.3268
2.19	0.0128935	-2.51645
2.2	0.00168708	-1.83765
2.21	0.0100794	0.329546
2.22	0.0160148	0.0922183
2.23	0.0171596	-0.244276
2.24	0.0163115	-0.812938
2.25	0.0188593	-1.49429
2.26	0.0239126	-1.95671
2.27	0.0256989	-2.23771
2.28	0.0219276	-2.30769
2.29	0.0121358	-2.50197
2.3	0.00161152	-1.8276
2.31	0.00934571	0.187183
2.32	0.0148929	0.124727
2.33	0.0156104	-0.212535
2.34	0.0144542	-0.806067
2.35	0.0169563	-1.52362
2.36	0.0220246	-1.98671
2.37	0.0237966	-2.10772
2.38	0.0204956	-2.31406
2.39	0.0114144	-2.49801
2.4	0.00175291	-1.79138
2.41	0.00896993	0.35427
2.42	0.0143588	0.137261
2.43	0.0154833	-0.161894
2.44	0.0143357	-0.677194
2.45	0.0156591	-1.36007
2.46	0.0199086	-1.8525
2.47	0.0222142	-2.13297
2.48	0.0192824	-2.31308
2.49	0.0110337	-2.45554
2.5	0.00259861	-1.7162
2.51	0.00838345	0.263089
2.52	0.0132728	0.176796
2.53	0.014425	-0.132999
2.54	0.01368	-0.613521
2.55	0.0139893	-1.53571
2.56	0.0186509	-1.93946
2.57	0.0208382	-2.1609
2.58	0.0182866	-2.2972
2.59	0.0110395	-2.37015
2.6	0.00161605	-1.77698
2.61	0.00799108	0.2917
2.62	0.0128567	0.184178
2.63	0.0122941	-0.117569
2.64	0.0121886	-0.619735
2.65	0.0128313	-1.50212
2.66	0.0171118	-1.84893
2.67	0.0196558	-2.20891
2.68	0.0173856	-2.28403
2.69	0.00960495	-2.50821
2.7	0.000993856	-1.87027
2.71	0.00758601	0.270875
2.72	0.0127931	0.163094
2.73	0.0138378	-0.0721314
2.74	0.0120741	-0.541573
2.75	0.0122181	-1.28537
2.76	0.0159574	-1.8466
2.77	0.0184669	-2.14042
2.78	0.0163742	-2.31588
2.79	0.00947939	-2.44821
2.8	0.00259558	-1.6915
2.81	0.00723068	0.260013
2.82	0.011727	0.221203
2.83	0.0130666	-0.0503403
2.84	0.00960346	-0.642947
2.85	0.0111583	-1.33193
2.86	0.0154436	-2.02993
2.87	0.0175443	-2.19264
2.88	0.0157489	-2.28029
2.89	0.0101573	-2.28337
2.9	0.000424035	-2.17209
2.91	0.00705115	0.360333
2.92	0.0113761	0.224889
2.93	0.0115715	-0.0288441
2.94	0.00930275	-0.585184
2.95	0.0101046	-1.47115
2.96	0.01444	-2.00764
2.97	0.0167674	-2.26723
2.98	0.0151526	-2.25138
2.99	0.00922894	-2.35318
3	0.00088959	-1.84477
