0.01	7.90883e-010	-2.03977
0.02	7.04455e-010	2.17613
0.03	1.58544e-010	-0.965463
0.04	1.87669e-009	1.99538
0.05	8.84193e-009	2.33979
0.06	1.42433e-009	2.17612
0.07	8.62087e-009	2.17612
0.08	1.06175e-008	2.27722
0.09	1.69306e-009	-0.901377
0.1	1.75723e-008	2.17475
0.11	6.98678e-009	2.16154
0.12	2.70353e-009	0.250642
0.13	5.03942e-009	-0.668625
0.14	3.32484e-008	2.13648
0.15	8.2001e-009	2.21887
0.16	5.26158e-008	2.40187
0.17	6.21481e-008	-3.00078
0.18	2.12582e-007	3.13336
0.19	5.74425e-007	3.08736
0.2	1.30084e-006	3.06737
0.21	2.44983e-006	3.0933
0.22	4.12656e-006	3.06699
0.23	5.70358e-006	3.02294
0.24	5.77717e-006	2.91226
0.25	2.32054e-006	1.78375
0.26	1.71454e-005	0.183133
0.27	5.33773e-005	0.0707455
0.28	0.000120454	0.0251524
0.29	0.000228999	-0.00641694
0.3	0.000377456	-0.030958
0.31	0.000551946	-0.0555705
0.32	0.00070731	-0.0873791
0.33	0.000765527	-0.137685
0.34	0.000589275	-0.270714
0.35	0.000216163	-1.33469
0.36	0.00109523	-2.91699
0.37	0.00286615	-3.06002
0.38	0.00532806	-3.11331
0.39	0.00841076	3.13555
0.4	0.011535	3.11206
0.41	0.0141043	3.08651
0.42	0.0153714	3.06095
0.43	0.0142837	3.02362
0.44	0.00915182	2.92428
0.45	0.00197564	1.64984
0.46	0.0128649	0.121901
0.47	0.0279738	0.0281002
0.48	0.0450111	-0.00740204
0.49	0.0604654	-0.0244549
0.5	0.0713545	-0.0311957
0.51	0.0748111	-0.0281774
0.52	0.0689132	-0.00923946
0.53	0.0544016	0.0430145
0.54	0.0324791	0.209955
0.55	0.0123527	1.39355
0.56	0.0306927	2.54669
0.57	0.0548326	2.76248
0.58	0.0685965	2.84777
0.59	0.0701774	2.93726
0.6	0.0598022	3.09152
0.61	0.0442511	-2.80354
0.62	0.0403191	-2.11225
0.63	0.0550533	-1.63272
0.64	0.0719874	-1.50882
0.65	0.0821128	-1.59235
0.66	0.0848767	-1.81774
0.67	0.0874325	-2.17921
0.68	0.0978282	-2.6201
0.69	0.112933	-2.93355
0.7	0.123201	3.13677
0.71	0.119728	2.95142
0.72	0.1012	2.85486
0.73	0.0659242	2.79218
0.74	0.0286581	3.04236
0.75	0.0246204	-1.63674
0.76	0.0516036	-1.49944
0.77	0.069486	-1.75162
0.78	0.0813736	-2.23485
0.79	0.10562	-2.70866
0.8	0.139004	-3.11536
0.81	0.172093	2.83695
0.82	0.192189	2.54255
0.83	0.192698	2.29388
0.84	0.171863	1.94856
0.85	0.140333	1.58728
0.86	0.105425	1.13267
0.87	0.0743121	0.5075
0.88	0.0387736	-0.358888
0.89	0.0503078	-2.36746
0.9	0.13417	3.11916
0.91	0.246064	2.77838
0.92	0.369943	2.46299
0.93	0.4925	2.19131
0.94	0.607144	1.88806
0.95	0.709671	1.5487
0.96	0.800584	1.23546
0.97	0.879604	0.958448
0.98	0.943176	0.6026
0.99	0.984627	0.293251
1	0.999835	0.0314174
1.01	0.989135	-0.309222
1.02	0.957507	-0.665704
1.03	0.908336	-0.966844
1.04	0.842733	-1.26801
1.05	0.757472	-1.56116
1.06	0.649034	-1.84284
1.07	0.518899	-2.11591
1.08	0.376044	-2.38961
1.09	0.231365	-2.76372
1.1	0.109085	3.14051
1.11	0.019008	1.90364
1.12	0.0689072	-0.276086
1.13	0.126367	-0.8058
1.14	0.177024	-1.23667
1.15	0.217542	-1.58649
1.16	0.238336	-1.87256
1.17	0.233208	-2.1176
1.18	0.200151	-2.41651
1.19	0.149829	-2.73831
1.2	0.0964874	-3.13288
1.21	0.0515955	2.57945
1.22	0.0278948	1.42634
1.23	0.0309957	-0.109619
1.24	0.0568082	-1.09042
1.25	0.094141	-1.50678
1.26	0.126109	-1.90968
1.27	0.14267	-2.12958
1.28	0.1388	-2.38476
1.29	0.115364	-2.72908
1.3	0.0852073	3.13935
1.31	0.0593408	2.61967
1.32	0.0446409	1.93171
1.33	0.0295858	1.26154
1.34	0.0150122	-0.0987136
1.35	0.0371371	-1.48616
1.36	0.0696318	-1.93874
1.37	0.0935529	-2.17672
1.38	0.101879	-2.43353
1.39	0.0927815	-2.77459
1.4	0.0757475	-3.0437
1.41	0.0591601	2.64713
1.42	0.050305	2.07447
1.43	0.0429147	1.60612
1.44	0.0242365	1.24232
1.45	0.0053155	-1.39831
1.46	0.0358192	-2.03174
1.47	0.062488	-2.2621
1.48	0.0772647	-2.5062
1.49	0.0774642	-2.73006
1.5	0.067113	-3.08597
1.51	0.0568095	2.64405
1.52	0.0517421	2.13567
1.53	0.0483332	1.72137
1.54	0.035357	1.4627
1.55	0.0137331	1.51489
1.56	0.0171368	-2.49575
1.57	0.041938	-2.40398
1.58	0.0594451	-2.53047
1.59	0.0649853	-2.75004
1.6	0.0598239	-3.10818
1.61	0.0519006	2.76372
1.62	0.0485175	2.2388
1.63	0.0487109	1.80239
1.64	0.0426383	1.55182
1.65	0.025247	1.50552
1.66	0.00893124	2.71055
1.67	0.0290994	-2.64456
1.68	0.0466111	-2.63324
1.69	0.0550526	-2.78296
1.7	0.0536641	-3.06861
1.71	0.0486383	2.74337
1.72	0.0459896	2.29251
1.73	0.0499376	1.81736
1.74	0.0456486	1.59143
1.75	0.032062	1.51024
1.76	0.014431	1.95262
1.77	0.0185057	-2.90262
1.78	0.0362853	-2.70756
1.79	0.0470675	-2.82392
1.8	0.0482582	-3.10491
1.81	0.0455247	2.69914
1.82	0.0452279	2.24856
1.83	0.0476527	1.8606
1.84	0.0463913	1.61829
1.85	0.0360683	1.52974
1.86	0.02022	1.7547
1.87	0.0147965	2.92911
1.88	0.0292067	-2.84236
1.89	0.040636	-2.87444
1.9	0.0436231	-3.10535
1.91	0.0418587	2.74593
1.92	0.0414012	2.32197
1.93	0.0438577	1.92753
1.94	0.0445672	1.66291
1.95	0.0382171	1.5413
1.96	0.0244326	1.65553
1.97	0.0152473	2.56817
1.98	0.0245392	-3.00253
1.99	0.0352632	-2.91826
2	0.039549	-3.06318
2.01	0.0383594	2.88897
2.02	0.0380394	2.39152
2.03	0.0423063	1.92727
2.04	0.0450207	1.64318
2.05	0.0392105	1.54428
2.06	0.0273191	1.60481
2.07	0.015495	2.18275
2.08	0.0203082	3.12358
2.09	0.0312298	-2.98829
2.1	0.0361062	-3.1391
2.11	0.0356786	2.90489
2.12	0.0360827	2.36778
2.13	0.0390042	1.97785
2.14	0.041549	1.70404
2.15	0.0389401	1.55945
2.16	0.0293509	1.57011
2.17	0.0171484	1.98732
2.18	0.0181726	2.95726
2.19	0.0282406	-3.06354
2.2	0.0329836	-3.11419
2.21	0.0331992	2.80471
2.22	0.0335993	2.39044
2.23	0.0370494	1.97788
2.24	0.0404567	1.69546
2.25	0.0386723	1.55138
2.26	0.0297382	1.56243
2.27	0.0179021	1.94616
2.28	0.0161876	2.77937
2.29	0.0251872	-3.10749
2.3	0.0302727	-3.12301
2.31	0.031057	2.95106
2.32	0.0313083	2.40787
2.33	0.0348187	1.98775
2.34	0.0386717	1.6988
2.35	0.0378136	1.54939
2.36	0.0300359	1.54535
2.37	0.0199774	1.77096
2.38	0.0151522	2.62207
2.39	0.0226483	3.12907
2.4	0.0278519	-3.12576
2.41	0.0287696	2.86283
2.42	0.0289656	2.47815
2.43	0.0318018	2.0548
2.44	0.0358099	1.74522
2.45	0.0364337	1.57396
2.46	0.030903	1.5341
2.47	0.0206425	1.72306
2.48	0.0144788	2.47496
2.49	0.0202932	3.07987
2.5	0.0255686	-3.11435
2.51	0.0271571	2.94846
2.52	0.0271182	2.46698
2.53	0.0297797	2.07175
2.54	0.0335585	1.77264
2.55	0.0354481	1.54933
2.56	0.0302784	1.5221
2.57	0.0209478	1.68604
2.58	0.0141116	2.33066
2.59	0.0180464	3.01444
2.6	0.0238304	3.13824
2.61	0.0254573	2.95625
2.62	0.0253029	2.5305
2.63	0.0284953	2.02245
2.64	0.0320422	1.76716
2.65	0.0341008	1.55519
2.66	0.0303105	1.52138
2.67	0.0207456	1.66017
2.68	0.0139976	2.20771
2.69	0.0170974	2.99294
2.7	0.0222004	3.12197
2.71	0.024033	2.98677
2.72	0.0238405	2.64265
2.73	0.0255673	2.17899
2.74	0.0298328	1.80547
2.75	0.0324377	1.59321
2.76	0.0297679	1.5169
2.77	0.0217571	1.61484
2.78	0.0137276	2.14521
2.79	0.0155434	2.92817
2.8	0.0204091	3.12679
2.81	0.0227174	3.00892
2.82	0.0222624	2.59129
2.83	0.0240357	2.19623
2.84	0.0290472	1.74986
2.85	0.0312128	1.58632
2.86	0.028258	1.4909
2.87	0.0212007	1.59753
2.88	0.0139525	2.03464
2.89	0.0139326	2.7937
2.9	0.0193349	3.11045
2.91	0.0212083	2.99338
2.92	0.0210403	2.64214
2.93	0.0228292	2.1556
2.94	0.0272528	1.77266
2.95	0.0300604	1.56228
2.96	0.0277236	1.48796
2.97	0.0201839	1.58169
2.98	0.0142321	1.9474
2.99	0.0132107	2.7766
3	0.0180604	3.10534
