0.5	3.8009e-005	3.11914
0.501	3.97056e-005	3.10315
0.502	4.14378e-005	3.08709
0.503	4.32019e-005	3.07062
0.504	4.49886e-005	3.05318
0.505	4.67845e-005	3.03411
0.506	4.85883e-005	3.01269
0.507	5.06306e-005	3.00354
0.508	5.24645e-005	2.98335
0.509	5.42753e-005	2.95879
0.51	5.6454e-005	2.94943
0.511	5.82352e-005	2.92365
0.512	6.04829e-005	2.91242
0.513	6.21794e-005	2.88289
0.514	6.44649e-005	2.87123
0.515	6.67902e-005	2.85609
0.516	6.83204e-005	2.82307
0.517	7.05916e-005	2.80761
0.518	7.2874e-005	2.79011
0.519	7.51612e-005	2.77096
0.52	7.7431e-005	2.75041
0.521	7.9672e-005	2.7286
0.522	8.18665e-005	2.70552
0.523	8.39991e-005	2.68105
0.524	8.60552e-005	2.65503
0.525	8.80258e-005	2.62709
0.526	8.99016e-005	2.59693
0.527	9.16816e-005	2.56411
0.528	9.33727e-005	2.52811
0.529	9.69732e-005	2.51833
0.53	9.84279e-005	2.47939
0.531	9.98117e-005	2.43589
0.532	0.000103383	2.42162
0.533	0.00010451	2.37328
0.534	0.00010568	2.31857
0.535	0.00010902	2.30019
0.536	0.000112576	2.27803
0.537	0.000113381	2.21486
0.538	0.000116843	2.18874
0.539	0.000117783	2.11532
0.54	0.000121185	2.08433
0.541	0.000124732	2.05042
0.542	0.000128413	2.01375
0.543	0.000129814	1.92267
0.544	0.000133669	1.88
0.545	0.000137746	1.83454
0.546	0.000142071	1.78625
0.547	0.00014669	1.73522
0.548	0.000151659	1.68153
0.549	0.000157047	1.62533
0.55	0.00016294	1.56676
0.551	0.00016943	1.50613
0.552	0.000176638	1.44357
0.553	0.000184671	1.37965
0.554	0.000192306	1.37351
0.555	0.000201486	1.30673
0.556	0.000211814	1.23947
0.557	0.000223429	1.17229
0.558	0.00023294	1.15958
0.559	0.000246398	1.09139
0.56	0.000257369	1.07621
0.561	0.000273021	1.00788
0.562	0.000285566	0.99052
0.563	0.000303779	0.922942
0.564	0.000318063	0.903696
0.565	0.000339211	0.837769
0.566	0.000355447	0.816975
0.567	0.000372772	0.795557
0.568	0.000398282	0.731526
0.569	0.00041787	0.709021
0.57	0.000438645	0.685972
0.571	0.000469135	0.625123
0.572	0.00049249	0.601464
0.573	0.000517143	0.57739
0.574	0.000543117	0.55291
0.575	0.000570443	0.52805
0.576	0.000599145	0.502831
0.577	0.000629249	0.477281
0.578	0.000660771	0.451432
0.579	0.000693726	0.425312
0.58	0.000728122	0.39895
0.581	0.000763951	0.372378
0.582	0.000801205	0.345595
0.583	0.000839848	0.318694
0.584	0.000879842	0.291626
0.585	0.000911103	0.290386
0.586	0.000953857	0.262166
0.587	0.000997824	0.233831
0.588	0.00103365	0.230628
0.589	0.00108019	0.201202
0.59	0.00112767	0.171705
0.591	0.001168	0.166384
0.592	0.00121765	0.13583
0.593	0.00126096	0.129284
0.594	0.00131238	0.0976834
0.595	0.00135851	0.0898454
0.596	0.0014112	0.0571742
0.597	0.00145994	0.0479583
0.598	0.00151322	0.0141918
0.599	0.00156424	0.00355266
0.6	0.00161659	-0.00762082
0.601	0.00167011	-0.0435461
0.602	0.00172411	-0.0562614
0.603	0.00177918	-0.069603
0.604	0.00183091	-0.107933
0.605	0.00188672	-0.122969
0.606	0.00194323	-0.138725
0.607	0.0020003	-0.155239
0.608	0.00205782	-0.17255
0.609	0.00211562	-0.190699
0.61	0.00217356	-0.209725
0.611	0.00221507	-0.255853
0.612	0.00227081	-0.277181
0.613	0.00232601	-0.299555
0.614	0.00238048	-0.323036
0.615	0.00245876	-0.31968
0.616	0.00251346	-0.345034
0.617	0.00256686	-0.371668
0.618	0.00261873	-0.399671
0.619	0.00266886	-0.429134
0.62	0.00271703	-0.460164
0.621	0.00276304	-0.492879
0.622	0.0028474	-0.494594
0.623	0.00289131	-0.5301
0.624	0.00293262	-0.567618
0.625	0.0030181	-0.571867
0.626	0.00305657	-0.612702
0.627	0.00309225	-0.65596
0.628	0.00317789	-0.663249
0.629	0.00321048	-0.710474
0.63	0.00324067	-0.760619
0.631	0.00332587	-0.771543
0.632	0.00335372	-0.826418
0.633	0.00343893	-0.839904
0.634	0.00346555	-0.899997
0.635	0.00355108	-0.916331
0.636	0.00357835	-0.982108
0.637	0.00366494	-1.00157
0.638	0.00375234	-1.0223
0.639	0.00378474	-1.09626
0.64	0.00387501	-1.12046
0.641	0.0039668	-1.14608
0.642	0.0040121	-1.22861
0.643	0.00411004	-1.25789
0.644	0.00421082	-1.28865
0.645	0.00431489	-1.32091
0.646	0.00439225	-1.4137
0.647	0.004509	-1.44945
0.648	0.00463126	-1.48659
0.649	0.00475974	-1.52511
0.65	0.0048952	-1.56494
0.651	0.00503846	-1.60603
0.652	0.00519037	-1.64828
0.653	0.00535183	-1.69162
0.654	0.00552379	-1.73594
0.655	0.00570718	-1.78113
0.656	0.00590297	-1.82706
0.657	0.0061121	-1.8736
0.658	0.00633551	-1.92063
0.659	0.00657409	-1.968
0.66	0.00682867	-2.0156
0.661	0.00710002	-2.06328
0.662	0.00738883	-2.11093
0.663	0.00769567	-2.15843
0.664	0.00790439	-2.15461
0.665	0.00823976	-2.20291
0.666	0.00859475	-2.25081
0.667	0.00896952	-2.29827
0.668	0.00921819	-2.29831
0.669	0.00962555	-2.34609
0.67	0.0100531	-2.39325
0.671	0.0105005	-2.43978
0.672	0.0107989	-2.44302
0.673	0.0112804	-2.48956
0.674	0.0116042	-2.49425
0.675	0.01212	-2.54069
0.676	0.0126533	-2.58644
0.677	0.0130204	-2.59299
0.678	0.0135858	-2.63858
0.679	0.0139814	-2.64628
0.68	0.0145769	-2.6917
0.681	0.0150016	-2.70049
0.682	0.0156238	-2.74575
0.683	0.0160775	-2.75555
0.684	0.0167221	-2.80071
0.685	0.017204	-2.81149
0.686	0.0176993	-2.82283
0.687	0.0183734	-2.86836
0.688	0.018895	-2.88063
0.689	0.0194297	-2.89343
0.69	0.020121	-2.93949
0.691	0.020678	-2.95321
0.692	0.0212472	-2.96746
0.693	0.0218281	-2.98223
0.694	0.0225244	-3.02952
0.695	0.0231201	-3.04526
0.696	0.0237252	-3.06154
0.697	0.0243393	-3.07836
0.698	0.0250062	-3.12746
0.699	0.0256236	3.13779
0.7	0.0262465	3.11927
0.701	0.0268737	3.10016
0.702	0.0275043	3.08045
0.703	0.028137	3.06011
0.704	0.0287706	3.03913
0.705	0.0294038	3.01749
0.706	0.0300351	2.99516
0.707	0.0306631	2.97211
0.708	0.0312862	2.94832
0.709	0.0319029	2.92375
0.71	0.0325116	2.89836
0.711	0.0331107	2.87211
0.712	0.0336986	2.84496
0.713	0.0342738	2.81686
0.714	0.0348347	2.78775
0.715	0.0353799	2.75758
0.716	0.0359083	2.72628
0.717	0.0367785	2.73125
0.718	0.0372969	2.69826
0.719	0.0377952	2.66399
0.72	0.0382731	2.62836
0.721	0.0387302	2.59129
0.722	0.0396361	2.59357
0.723	0.0400753	2.5544
0.724	0.0404937	2.51358
0.725	0.040893	2.47102
0.726	0.0418138	2.47087
0.727	0.0421953	2.4258
0.728	0.0425625	2.37877
0.729	0.0434908	2.37659
0.73	0.043846	2.32674
0.731	0.044197	2.2747
0.732	0.0451309	2.27029
0.733	0.0454834	2.21514
0.734	0.0464254	2.20918
0.735	0.0467909	2.15076
0.736	0.0477428	2.14316
0.737	0.0481365	2.08135
0.738	0.049102	2.07204
0.739	0.0495433	2.00679
0.74	0.0505279	1.99569
0.741	0.051041	1.927
0.742	0.0520526	1.91408
0.743	0.0526658	1.84206
0.744	0.0537147	1.8273
0.745	0.0544606	1.75218
0.746	0.0555596	1.7356
0.747	0.0566801	1.71821
0.748	0.0576375	1.63942
0.749	0.0588281	1.62029
0.75	0.0600469	1.60038
0.751	0.0612794	1.51866
0.752	0.0625918	1.49718
0.753	0.0639404	1.47497
0.754	0.0655113	1.39132
0.755	0.0669784	1.3678
0.756	0.0684905	1.34362
0.757	0.07005	1.3188
0.758	0.0721084	1.23406
0.759	0.0738161	1.20833
0.76	0.0755798	1.18205
0.761	0.0774016	1.15526
0.762	0.0792837	1.12796
0.763	0.0819976	1.04387
0.764	0.0840538	1.01617
0.765	0.086176	0.988085
0.766	0.0883656	0.959627
0.767	0.0906239	0.930824
0.768	0.0929518	0.9017
0.769	0.0953502	0.872277
0.77	0.0978194	0.842577
0.771	0.10036	0.812619
0.772	0.10297	0.782422
0.773	0.106848	0.702738
0.774	0.109618	0.672737
0.775	0.112451	0.642537
0.776	0.115346	0.612145
0.777	0.11705	0.628378
0.778	0.120058	0.597033
0.779	0.123124	0.565523
0.78	0.126242	0.533852
0.781	0.12941	0.502017
0.782	0.132622	0.470015
0.783	0.135873	0.43784
0.784	0.139157	0.405482
0.785	0.142467	0.372931
0.786	0.145796	0.340171
0.787	0.149136	0.307186
0.788	0.151502	0.316176
0.789	0.154914	0.28235
0.79	0.15832	0.248271
0.791	0.161711	0.213911
0.792	0.165078	0.179241
0.793	0.167745	0.185549
0.794	0.171141	0.149992
0.795	0.17449	0.114066
0.796	0.177782	0.077731
0.797	0.180666	0.0820446
0.798	0.183944	0.0447369
0.799	0.18714	0.0069344
0.8	0.190164	0.00981895
0.801	0.193313	-0.0290419
0.802	0.196354	-0.0685048
0.803	0.199277	-0.10863
0.804	0.202457	-0.10768
0.805	0.205283	-0.149047
0.806	0.208524	-0.149022
0.807	0.211232	-0.191712
0.808	0.213786	-0.235286
0.809	0.217094	-0.236731
0.81	0.2195	-0.28181
0.811	0.222843	-0.284227
0.812	0.225083	-0.330926
0.813	0.22845	-0.334341
0.814	0.230513	-0.382785
0.815	0.2324	-0.432502
0.816	0.235769	-0.437555
0.817	0.237472	-0.489271
0.818	0.240839	-0.495422
0.819	0.244218	-0.502046
0.82	0.24572	-0.556583
0.821	0.249088	-0.564366
0.822	0.250419	-0.621244
0.823	0.25377	-0.630239
0.824	0.254956	-0.689614
0.825	0.258291	-0.699876
0.826	0.259369	-0.761895
0.827	0.262691	-0.773481
0.828	0.266019	-0.785611
0.829	0.267032	-0.851236
0.83	0.270358	-0.86476
0.831	0.273691	-0.878854
0.832	0.274735	-0.94825
0.833	0.278088	-0.963799
0.834	0.281453	-0.979937
0.835	0.28266	-1.05319
0.836	0.286077	-1.07082
0.837	0.289515	-1.08906
0.838	0.291051	-1.16611
0.839	0.294585	-1.18585
0.84	0.298153	-1.2062
0.841	0.301759	-1.22716
0.842	0.30393	-1.30866
0.843	0.307701	-1.33106
0.844	0.311526	-1.35407
0.845	0.315409	-1.37768
0.846	0.319354	-1.40187
0.847	0.322649	-1.4879
0.848	0.326854	-1.51338
0.849	0.331141	-1.53941
0.85	0.335515	-1.56598
0.851	0.339981	-1.59309
0.852	0.344544	-1.62072
0.853	0.349613	-1.71039
0.854	0.354535	-1.73897
0.855	0.35957	-1.768
0.856	0.364721	-1.79748
0.857	0.369992	-1.82739
0.858	0.375386	-1.85771
0.859	0.380905	-1.88844
0.86	0.386552	-1.91955
0.861	0.392326	-1.95102
0.862	0.398231	-1.98285
0.863	0.404264	-2.01501
0.864	0.410428	-2.04749
0.865	0.416718	-2.08028
0.866	0.423135	-2.11335
0.867	0.429675	-2.1467
0.868	0.436334	-2.18032
0.869	0.443108	-2.21419
0.87	0.449991	-2.2483
0.871	0.456977	-2.28265
0.872	0.464058	-2.31721
0.873	0.471227	-2.352
0.874	0.478472	-2.387
0.875	0.485786	-2.42222
0.876	0.493155	-2.45764
0.877	0.50057	-2.49327
0.878	0.508015	-2.52911
0.879	0.515479	-2.56516
0.88	0.519955	-2.54806
0.881	0.527488	-2.58489
0.882	0.535012	-2.62195
0.883	0.542512	-2.65923
0.884	0.549972	-2.69675
0.885	0.557373	-2.73453
0.886	0.562212	-2.72045
0.887	0.569612	-2.759
0.888	0.576921	-2.79783
0.889	0.584121	-2.83695
0.89	0.591194	-2.87638
0.891	0.596327	-2.86462
0.892	0.603325	-2.90487
0.893	0.61016	-2.94547
0.894	0.616815	-2.98644
0.895	0.623276	-3.02782
0.896	0.628667	-3.01827
0.897	0.634974	-3.06053
0.898	0.641055	-3.10326
0.899	0.646545	-3.09493
0.9	0.652432	-3.13859
0.901	0.658066	3.10042
0.902	0.663438	3.05568
0.903	0.669035	3.06236
0.904	0.674168	3.0166
0.905	0.679024	2.97022
0.906	0.684652	2.9757
0.907	0.689245	2.92823
0.908	0.693559	2.88005
0.909	0.699187	2.88433
0.91	0.703229	2.83499
0.911	0.708832	2.83849
0.912	0.712599	2.78794
0.913	0.716106	2.73658
0.914	0.721663	2.73887
0.915	0.724911	2.68622
0.916	0.730418	2.68772
0.917	0.733422	2.63375
0.918	0.736226	2.57888
0.919	0.741651	2.57913
0.92	0.744259	2.52287
0.921	0.749617	2.5223
0.922	0.752061	2.46463
0.923	0.757349	2.46324
0.924	0.759668	2.40414
0.925	0.764885	2.40193
0.926	0.767123	2.34138
0.927	0.772269	2.33833
0.928	0.774477	2.27633
0.929	0.779554	2.27243
0.93	0.781785	2.20899
0.931	0.786798	2.20426
0.932	0.789111	2.13939
0.933	0.794064	2.13381
0.934	0.796518	2.06756
0.935	0.801418	2.06113
0.936	0.806274	2.05431
0.937	0.808925	1.98626
0.938	0.813737	1.97861
0.939	0.816647	1.90928
0.94	0.821423	1.9008
0.941	0.826158	1.89192
0.942	0.829387	1.82096
0.943	0.834093	1.81127
0.944	0.837671	1.73921
0.945	0.842353	1.72872
0.946	0.846996	1.71784
0.947	0.850966	1.64438
0.948	0.855586	1.63272
0.949	0.860166	1.62069
0.95	0.864535	1.54594
0.951	0.869089	1.53315
0.952	0.873602	1.51999
0.953	0.878344	1.44411
0.954	0.882821	1.43021
0.955	0.887252	1.41595
0.956	0.891635	1.40133
0.957	0.896689	1.32409
0.958	0.901014	1.30876
0.959	0.905285	1.29307
0.96	0.9095	1.27703
0.961	0.914731	1.19857
0.962	0.918852	1.18184
0.963	0.922909	1.16475
0.964	0.926898	1.14732
0.965	0.932122	1.06772
0.966	0.935972	1.04961
0.967	0.939742	1.03115
0.968	0.943429	1.01234
0.969	0.948427	0.931626
0.97	0.951922	0.912136
0.971	0.955322	0.892296
0.972	0.958622	0.872105
0.973	0.96182	0.851562
0.974	0.964913	0.830667
0.975	0.969154	0.748078
0.976	0.97198	0.726469
0.977	0.974688	0.704501
0.978	0.977275	0.682172
0.979	0.979738	0.65948
0.98	0.982074	0.636422
0.981	0.984281	0.612997
0.982	0.987209	0.527851
0.983	0.989086	0.503641
0.984	0.990827	0.479051
0.985	0.992429	0.454079
0.986	0.993892	0.42872
0.987	0.995214	0.402973
0.988	0.996396	0.376834
0.989	0.997436	0.350299
0.99	0.998336	0.323365
0.991	0.999094	0.29603
0.992	0.999712	0.26829
0.993	1.00019	0.240141
0.994	1.00053	0.211581
0.995	1.00074	0.182605
0.996	1.00081	0.153213
0.997	1.00076	0.1234
0.998	1.00057	0.0931649
0.999	1.00026	0.0625043
1	0.999836	0.0314174
1.001	0.999291	-9.86474e-005
1.002	0.998634	-0.0320439
1.003	0.997871	-0.0644201
1.004	0.997005	-0.0972268
1.005	0.996042	-0.130465
1.006	0.994988	-0.164132
1.007	0.993846	-0.198229
1.008	0.992623	-0.232752
1.009	0.991324	-0.2677
1.01	0.989955	-0.30307
1.011	0.988519	-0.338856
1.012	0.987022	-0.375057
1.013	0.985468	-0.411665
1.014	0.983861	-0.448676
1.015	0.982205	-0.486083
1.016	0.980503	-0.523878
1.017	0.978756	-0.562056
1.018	0.976966	-0.600607
1.019	0.974259	-0.57509
1.02	0.972313	-0.614353
1.021	0.970327	-0.653975
1.022	0.9683	-0.693945
1.023	0.966231	-0.734253
1.024	0.964118	-0.774891
1.025	0.961955	-0.815847
1.026	0.959739	-0.857114
1.027	0.956136	-0.834274
1.028	0.953765	-0.876193
1.029	0.951331	-0.918401
1.03	0.948826	-0.960891
1.031	0.94624	-1.00365
1.032	0.943564	-1.04668
1.033	0.939371	-1.02583
1.034	0.936515	-1.06945
1.035	0.933549	-1.11333
1.036	0.93046	-1.15746
1.037	0.927236	-1.20182
1.038	0.9226	-1.18257
1.039	0.919159	-1.2275
1.04	0.915557	-1.27267
1.041	0.91178	-1.31807
1.042	0.906805	-1.30005
1.043	0.902776	-1.346
1.044	0.898545	-1.39219
1.045	0.894096	-1.43862
1.046	0.888802	-1.42178
1.047	0.884065	-1.46876
1.048	0.879085	-1.516
1.049	0.87385	-1.5635
1.05	0.868249	-1.54781
1.051	0.86269	-1.59587
1.052	0.856857	-1.64422
1.053	0.851009	-1.62936
1.054	0.844833	-1.67829
1.055	0.838367	-1.72756
1.056	0.831608	-1.77717
1.057	0.825454	-1.76336
1.058	0.818335	-1.8136
1.059	0.810921	-1.86424
1.06	0.804518	-1.85121
1.061	0.796745	-1.90252
1.062	0.788684	-1.95428
1.063	0.782031	-1.94201
1.064	0.77362	-1.9945
1.065	0.764943	-2.0475
1.066	0.758037	-2.03598
1.067	0.749033	-2.08977
1.068	0.739794	-2.14415
1.069	0.732636	-2.13337
1.07	0.723106	-2.1886
1.071	0.715774	-2.17833
1.072	0.705977	-2.23446
1.073	0.696018	-2.29128
1.074	0.68844	-2.28176
1.075	0.678269	-2.33955
1.076	0.670529	-2.33055
1.077	0.660182	-2.38934
1.078	0.649768	-2.44892
1.079	0.641799	-2.4407
1.08	0.631281	-2.50135
1.081	0.623167	-2.49367
1.082	0.612588	-2.55542
1.083	0.604338	-2.54829
1.084	0.593739	-2.61117
1.085	0.583226	-2.67491
1.086	0.574789	-2.66863
1.087	0.564338	-2.73352
1.088	0.55579	-2.72781
1.089	0.545444	-2.79386
1.09	0.536797	-2.78875
1.091	0.526595	-2.85594
1.092	0.51786	-2.85142
1.093	0.507838	-2.91975
1.094	0.499028	-2.91584
1.095	0.489217	-2.98526
1.096	0.480344	-2.98197
1.097	0.47077	-3.05244
1.098	0.461845	-3.04977
1.099	0.452526	-3.12122
1.1	0.443561	-3.11918
1.101	0.434506	3.09166
1.102	0.425511	3.09307
1.103	0.416722	3.01992
1.104	0.407707	3.0207
1.105	0.399176	2.94686
1.106	0.390148	2.94701
1.107	0.381122	2.94689
1.108	0.372824	2.87214
1.109	0.363796	2.8714
1.11	0.355715	2.79621
1.111	0.346691	2.79488
1.112	0.338791	2.71939
1.113	0.329773	2.71747
1.114	0.322015	2.64181
1.115	0.313004	2.63934
1.116	0.304014	2.63661
1.117	0.296341	2.56061
1.118	0.287363	2.55735
1.119	0.279736	2.48143
1.12	0.27077	2.47767
1.121	0.261831	2.47367
1.122	0.254188	2.39766
1.123	0.245263	2.3932
1.124	0.23637	2.38851
1.125	0.228663	2.31252
1.126	0.219787	2.3074
1.127	0.211996	2.23167
1.128	0.203138	2.22615
1.129	0.194318	2.22043
1.13	0.186401	2.14475
1.131	0.177606	2.13865
1.132	0.168852	2.13238
1.133	0.160802	2.0567
1.134	0.152083	2.05007
1.135	0.143411	2.0433
1.136	0.135242	1.96745
1.137	0.126618	1.96033
1.138	0.118047	1.9531
1.139	0.109797	1.87679
1.14	0.101293	1.86921
1.141	0.0928491	1.86156
1.142	0.084581	1.78429
1.143	0.076228	1.77622
1.144	0.0679432	1.76818
1.145	0.059729	1.76026
1.146	0.0515774	1.6802
1.147	0.0434906	1.67163
1.148	0.0354838	1.66342
1.149	0.0275284	1.57666
1.15	0.0196841	1.56539
1.151	0.01193	1.5529
1.152	0.00426906	1.53377
1.153	0.00329567	-1.52927
1.154	0.0107245	-1.63887
1.155	0.018068	-1.66811
1.156	0.0253069	-1.68729
1.157	0.032237	-1.75622
1.158	0.039218	-1.77339
1.159	0.0460813	-1.7893
1.16	0.0528238	-1.80455
1.161	0.0589682	-1.87943
1.162	0.0654077	-1.89503
1.163	0.0717157	-1.91048
1.164	0.0778897	-1.92588
1.165	0.0839271	-1.94132
1.166	0.0889412	-2.0213
1.167	0.0946325	-2.03747
1.168	0.100179	-2.05378
1.169	0.105579	-2.07026
1.17	0.11083	-2.08693
1.171	0.114606	-2.17227
1.172	0.119489	-2.18989
1.173	0.124219	-2.20775
1.174	0.128795	-2.22588
1.175	0.133217	-2.24429
1.176	0.137485	-2.26298
1.177	0.139852	-2.35526
1.178	0.14376	-2.37512
1.179	0.147516	-2.39531
1.18	0.151122	-2.41584
1.181	0.154576	-2.43672
1.182	0.157882	-2.45796
1.183	0.159139	-2.55809
1.184	0.162143	-2.58065
1.185	0.165009	-2.6036
1.186	0.167739	-2.62693
1.187	0.170335	-2.65066
1.188	0.172801	-2.6748
1.189	0.175139	-2.69933
1.19	0.177353	-2.72428
1.191	0.177938	-2.83429
1.192	0.179981	-2.86054
1.193	0.181918	-2.88719
1.194	0.183753	-2.91423
1.195	0.18549	-2.94165
1.196	0.187131	-2.96946
1.197	0.188683	-2.99764
1.198	0.190147	-3.02619
1.199	0.191528	-3.05511
1.2	0.19283	-3.08437
1.201	0.193987	3.08046
1.202	0.195284	3.05046
1.203	0.196516	3.02019
1.204	0.197684	2.98966
1.205	0.198791	2.9589
1.206	0.199838	2.92792
1.207	0.200826	2.89673
1.208	0.201757	2.86537
1.209	0.202632	2.83383
1.21	0.20345	2.80216
1.211	0.204211	2.77035
1.212	0.204915	2.73844
1.213	0.205561	2.70644
1.214	0.206148	2.67436
1.215	0.206673	2.64224
1.216	0.207134	2.61008
1.217	0.207529	2.5779
1.218	0.207855	2.54571
1.219	0.208109	2.51354
1.22	0.208286	2.48139
1.221	0.208384	2.44928
1.222	0.211036	2.33808
1.223	0.210976	2.30682
1.224	0.21081	2.27562
1.225	0.210535	2.2445
1.226	0.210145	2.21345
1.227	0.209637	2.18248
1.228	0.209004	2.15158
1.229	0.205754	2.19484
1.23	0.204928	2.16342
1.231	0.203977	2.13207
1.232	0.202895	2.10081
1.233	0.201679	2.06963
1.234	0.200325	2.03851
1.235	0.19883	2.00746
1.236	0.19719	1.97647
1.237	0.195403	1.94551
1.238	0.193468	1.91458
1.239	0.191381	1.88367
1.24	0.189142	1.85276
1.241	0.186751	1.82184
1.242	0.184207	1.79088
1.243	0.181511	1.75987
1.244	0.178665	1.72878
1.245	0.17567	1.6976
1.246	0.172529	1.6663
1.247	0.169245	1.63485
1.248	0.165822	1.60323
1.249	0.162264	1.57142
1.25	0.158446	1.60642
1.251	0.154763	1.5742
1.252	0.150956	1.54174
1.253	0.147033	1.50902
1.254	0.143	1.476
1.255	0.138864	1.44265
1.256	0.134633	1.40893
1.257	0.130317	1.37479
1.258	0.125923	1.34021
1.259	0.121461	1.30514
1.26	0.116942	1.26954
1.261	0.113052	1.30347
1.262	0.108487	1.26729
1.263	0.103883	1.23049
1.264	0.0992517	1.19303
1.265	0.094603	1.15485
1.266	0.0899477	1.1159
1.267	0.0852961	1.07613
1.268	0.0806587	1.03548
1.269	0.0766918	1.06902
1.27	0.07208	1.02733
1.271	0.0675022	0.984612
1.272	0.0629677	0.94077
1.273	0.0584853	0.89573
1.274	0.054063	0.849406
1.275	0.049708	0.801706
1.276	0.0457026	0.832473
1.277	0.0414317	0.78225
1.278	0.0372417	0.730047
1.279	0.0331373	0.675568
1.28	0.0291216	0.618396
1.281	0.0251965	0.557899
1.282	0.0212461	0.571251
1.283	0.0174516	0.497011
1.284	0.0137609	0.410162
1.285	0.0101835	0.299378
1.286	0.00675247	0.131381
1.287	0.00353296	-0.282832
1.288	0.00267816	-1.48021
1.289	0.00497395	-2.22138
1.29	0.00798767	-2.48935
1.291	0.0111031	-2.64083
1.292	0.0142274	-2.75235
1.293	0.0178529	-2.72544
1.294	0.0208997	-2.80995
1.295	0.0239314	-2.88933
1.296	0.0269594	-2.96549
1.297	0.0303516	-2.92296
1.298	0.0332928	-2.99544
1.299	0.0362512	-3.06696
1.3	0.0392407	-3.13765
1.301	0.0422744	3.07566
1.302	0.0452488	3.11972
1.303	0.0482248	3.05047
1.304	0.0512659	2.98191
1.305	0.0543812	2.91417
1.306	0.0569905	2.95638
1.307	0.0600684	2.88884
1.308	0.0632338	2.82224
1.309	0.0664894	2.75671
1.31	0.0687126	2.7962
1.311	0.0719433	2.73084
1.312	0.075266	2.66668
1.313	0.0786755	2.60384
1.314	0.0805143	2.64017
1.315	0.0838987	2.57754
1.316	0.0873584	2.51631
1.317	0.0908806	2.45652
1.318	0.0923566	2.48956
1.319	0.0958383	2.43005
1.32	0.0993581	2.372
1.321	0.100584	2.40299
1.322	0.104046	2.34525
1.323	0.107514	2.28894
1.324	0.110968	2.23402
1.325	0.11189	2.26202
1.326	0.115246	2.20741
1.327	0.118548	2.15411
1.328	0.119258	2.18037
1.329	0.122433	2.12738
1.33	0.125513	2.07558
1.331	0.128471	2.02487
1.332	0.128944	2.04873
1.333	0.131724	1.99826
1.334	0.134342	1.94873
1.335	0.134639	1.97127
1.336	0.137045	1.92193
1.337	0.139249	1.87337
1.338	0.139382	1.89475
1.339	0.141342	1.8463
1.34	0.143063	1.79847
1.341	0.143042	1.81884
1.342	0.144492	1.77103
1.343	0.145672	1.72363
1.344	0.145505	1.74315
1.345	0.146392	1.69568
1.346	0.146987	1.64842
1.347	0.146678	1.66725
1.348	0.146964	1.6198
1.349	0.146944	1.57235
1.35	0.146499	1.59062
1.351	0.146162	1.54285
1.352	0.145516	1.49483
1.353	0.144938	1.5127
1.354	0.143978	1.46422
1.355	0.143275	1.48188
1.356	0.142006	1.43285
1.357	0.140444	1.38323
1.358	0.13961	1.40067
1.359	0.137757	1.35033
1.36	0.135635	1.29913
1.361	0.134671	1.31648
1.362	0.132288	1.26435
1.363	0.131206	1.28162
1.364	0.128578	1.22846
1.365	0.12574	1.17402
1.366	0.12453	1.19136
1.367	0.121492	1.13566
1.368	0.118295	1.07836
1.369	0.116956	1.09589
1.37	0.113611	1.03708
1.371	0.112163	1.05461
1.372	0.108699	0.994177
1.373	0.105164	0.931705
1.374	0.103592	0.949537
1.375	0.0999968	0.885195
1.376	0.0983236	0.903053
1.377	0.0946992	0.836738
1.378	0.0929297	0.854616
1.379	0.0893055	0.786237
1.38	0.0857307	0.715401
1.381	0.0838494	0.733607
1.382	0.080329	0.660599
1.383	0.078363	0.678779
1.384	0.0749206	0.603594
1.385	0.0728763	0.621713
1.386	0.0695319	0.544391
1.387	0.0663221	0.464785
1.388	0.0641853	0.483041
1.389	0.0610983	0.401597
1.39	0.0588983	0.419657
1.391	0.0559388	0.336625
1.392	0.053683	0.354426
1.393	0.0508496	0.270152
1.394	0.0485455	0.287633
1.395	0.0458305	0.202573
1.396	0.0432364	0.11713
1.397	0.040875	0.134429
1.398	0.0383636	0.0494586
1.399	0.0359708	0.0664621
1.4	0.0335177	-0.0171383
1.401	0.0311005	-0.000273634
1.402	0.028678	-0.0812808
1.403	0.0262433	-0.0641648
1.404	0.0238218	-0.140732
1.405	0.0213763	-0.122433
1.406	0.0189277	-0.191272
1.407	0.0164785	-0.169385
1.408	0.013981	-0.223081
1.409	0.0115393	-0.190027
1.41	0.00899407	-0.20485
1.411	0.00659818	-0.124712
1.412	0.00416485	0.0428231
1.413	0.00233718	0.581399
1.414	0.00291599	1.65215
1.415	0.00475051	2.09704
1.416	0.00765873	2.17104
1.417	0.00995355	2.27034
1.418	0.0131289	2.23048
1.419	0.015474	2.27815
1.42	0.0188164	2.21774
1.421	0.0211647	2.24845
1.422	0.024648	2.18277
1.423	0.0269846	2.20547
1.424	0.0305853	2.13882
1.425	0.0329021	2.15691
1.426	0.0365918	2.09083
1.427	0.0388823	2.10591
1.428	0.0426269	2.041
1.429	0.0448851	2.05393
1.43	0.0486448	1.99038
1.431	0.0508646	2.0017
1.432	0.0545951	1.93952
1.433	0.0567698	1.94958
1.434	0.0588875	1.95945
1.435	0.0625458	1.89772
1.436	0.064609	1.90662
1.437	0.0681345	1.84613
1.438	0.070136	1.85423
1.439	0.0734765	1.79477
1.44	0.0754084	1.80219
1.441	0.0785119	1.74352
1.442	0.0803661	1.75037
1.443	0.0821543	1.75713
1.444	0.0849502	1.6986
1.445	0.0866509	1.70488
1.446	0.0891048	1.64669
1.447	0.0907098	1.65256
1.448	0.0927781	1.59443
1.449	0.0942796	1.59994
1.45	0.0959243	1.54158
1.451	0.0973148	1.54677
1.452	0.098633	1.55189
1.453	0.0997776	1.49279
1.454	0.100977	1.49764
1.455	0.101639	1.43769
1.456	0.102713	1.4423
1.457	0.103714	1.44684
1.458	0.103824	1.38557
1.459	0.104694	1.38989
1.46	0.104303	1.32707
1.461	0.10504	1.33121
1.462	0.104156	1.26642
1.463	0.104757	1.27039
1.464	0.105283	1.27427
1.465	0.103867	1.20702
1.466	0.104257	1.21074
1.467	0.102404	1.14062
1.468	0.102659	1.1442
1.469	0.102839	1.14768
1.47	0.100538	1.07413
1.471	0.100588	1.07747
1.472	0.100565	1.0807
1.473	0.0978822	1.0032
1.474	0.0977337	1.00628
1.475	0.0948013	0.924319
1.476	0.0945324	0.92725
1.477	0.094196	0.930059
1.478	0.0910522	0.843047
1.479	0.0906043	0.845687
1.48	0.0900921	0.848195
1.481	0.0868412	0.755627
1.482	0.0862276	0.757943
1.483	0.0830128	0.659478
1.484	0.0823053	0.661587
1.485	0.0815407	0.663545
1.486	0.0784313	0.558912
1.487	0.0775832	0.560635
1.488	0.0766824	0.562199
1.489	0.0737798	0.451463
1.49	0.0728053	0.452769
1.491	0.0717824	0.453907
1.492	0.0691706	0.337529
1.493	0.068082	0.3384
1.494	0.0669498	0.339098
1.495	0.0646848	0.218012
1.496	0.0634922	0.218455
1.497	0.0622603	0.218726
1.498	0.060362	0.0943578
1.499	0.0590718	0.0944177
