0.5	1.79081e-007	-2.82425
0.501	1.56651e-007	-2.83396
0.502	9.80502e-008	-2.90128
0.503	3.16504e-008	3.01421
0.504	1.98537e-008	1.58722
0.505	1.02546e-007	-3.01825
0.506	2.92333e-008	1.6349
0.507	6.37628e-008	2.9089
0.508	1.75026e-007	-3.02484
0.509	4.81572e-008	1.7163
0.51	5.58015e-008	1.68752
0.511	6.52556e-008	1.69187
0.512	7.37074e-008	1.669
0.513	8.23141e-008	1.75705
0.514	1.36633e-007	2.74668
0.515	1.0092e-007	1.85962
0.516	1.16936e-007	1.6905
0.517	1.25634e-007	1.9149
0.518	2.02651e-007	2.73352
0.519	1.61891e-007	1.58817
0.52	1.68153e-007	1.71795
0.521	1.81495e-007	1.90311
0.522	1.97076e-007	1.96063
0.523	2.15644e-007	1.86977
0.524	2.34831e-007	1.67999
0.525	2.66291e-007	1.50682
0.526	2.904e-007	1.45291
0.527	2.7982e-007	1.78886
0.528	3.32611e-007	1.41375
0.529	3.13321e-007	1.75411
0.53	3.78848e-007	1.35025
0.531	3.83027e-007	1.409
0.532	3.73225e-007	1.56391
0.533	3.68761e-007	1.70856
0.534	4.54099e-007	1.2564
0.535	4.73757e-007	1.21942
0.536	4.06534e-007	1.54271
0.537	4.51469e-007	1.32669
0.538	5.07282e-007	1.14532
0.539	5.55104e-007	1.02911
0.54	4.63418e-007	1.20072
0.541	5.76025e-007	0.931977
0.542	4.72878e-007	1.04465
0.543	6.03169e-007	0.776644
0.544	5.77765e-007	0.73638
0.545	5.11278e-007	0.702896
0.546	4.4219e-007	0.634715
0.547	6.40005e-007	0.374222
0.548	6.65578e-007	0.251486
0.549	6.8961e-007	0.11254
0.55	5.89495e-007	-0.0358371
0.551	7.32468e-007	-0.151208
0.552	8.68914e-007	-0.264295
0.553	9.70036e-007	-0.412606
0.554	1.02786e-006	-0.537667
0.555	1.22118e-006	-0.624205
0.556	1.33038e-006	-0.735691
0.557	1.55377e-006	-0.82982
0.558	1.74859e-006	-0.881408
0.559	1.95331e-006	-0.95514
0.56	2.17635e-006	-1.04175
0.561	2.43751e-006	-1.11115
0.562	2.73353e-006	-1.16477
0.563	3.06017e-006	-1.20448
0.564	3.41493e-006	-1.23576
0.565	3.80192e-006	-1.27116
0.566	4.19919e-006	-1.30261
0.567	4.59225e-006	-1.37526
0.568	5.03386e-006	-1.37981
0.569	5.51095e-006	-1.41104
0.57	5.97802e-006	-1.44729
0.571	6.49009e-006	-1.47712
0.572	6.9933e-006	-1.50385
0.573	7.54796e-006	-1.54205
0.574	8.08038e-006	-1.57101
0.575	8.62607e-006	-1.59562
0.576	9.19098e-006	-1.62389
0.577	9.76248e-006	-1.65394
0.578	1.03351e-005	-1.68436
0.579	1.08965e-005	-1.71645
0.58	1.14451e-005	-1.75121
0.581	1.2212e-005	-1.78533
0.582	1.26616e-005	-1.81447
0.583	1.30824e-005	-1.85096
0.584	1.35019e-005	-1.89795
0.585	1.41161e-005	-1.92667
0.586	1.43892e-005	-1.97951
0.587	1.4936e-005	-2.01475
0.588	1.556e-005	-2.05973
0.589	1.54872e-005	-2.12449
0.59	1.59036e-005	-2.17484
0.591	1.63066e-005	-2.23214
0.592	1.66817e-005	-2.29648
0.593	1.70018e-005	-2.36778
0.594	1.72662e-005	-2.44743
0.595	1.7488e-005	-2.53717
0.596	1.76996e-005	-2.63872
0.597	1.79636e-005	-2.75382
0.598	1.83705e-005	-2.88285
0.599	1.90358e-005	-3.02413
0.6	2.03707e-005	-3.09376
0.601	2.14494e-005	3.0333
0.602	2.31432e-005	2.87722
0.603	2.5096e-005	2.79958
0.604	2.7734e-005	2.64937
0.605	3.03692e-005	2.57458
0.606	3.42095e-005	2.44254
0.607	3.76606e-005	2.37303
0.608	4.1559e-005	2.30792
0.609	4.59037e-005	2.24616
0.61	5.06959e-005	2.18708
0.611	5.73381e-005	2.08956
0.612	6.31266e-005	2.03685
0.613	6.93867e-005	1.98647
0.614	7.6098e-005	1.93825
0.615	8.17101e-005	1.92069
0.616	8.93122e-005	1.87268
0.617	9.73268e-005	1.8264
0.618	0.000105697	1.78185
0.619	0.00011302	1.76309
0.62	0.000122084	1.7178
0.621	0.000131287	1.67421
0.622	0.000139706	1.65256
0.623	0.000149181	1.60816
0.624	0.000158114	1.58474
0.625	0.000167247	1.56122
0.626	0.000176608	1.5134
0.627	0.000185855	1.48674
0.628	0.000195106	1.45899
0.629	0.000203084	1.40696
0.63	0.000211777	1.37494
0.631	0.000220156	1.34097
0.632	0.00022811	1.30469
0.633	0.000235513	1.26573
0.634	0.000242241	1.22361
0.635	0.000248164	1.17783
0.636	0.000253148	1.12778
0.637	0.000262546	1.10448
0.638	0.000266095	1.04549
0.639	0.000268477	0.979901
0.64	0.000276409	0.946341
0.641	0.000277204	0.867017
0.642	0.000277035	0.777451
0.643	0.000283743	0.727148
0.644	0.000283058	0.617043
0.645	0.000289763	0.552767
0.646	0.000290512	0.418309
0.647	0.000298872	0.338064
0.648	0.000308343	0.251451
0.649	0.000317178	0.0848598
0.65	0.000332356	-0.0139991
0.651	0.000350624	-0.11603
0.652	0.000372608	-0.219685
0.653	0.000398894	-0.323299
0.654	0.000429998	-0.425258
0.655	0.000466335	-0.524174
0.656	0.000508212	-0.618997
0.657	0.00055582	-0.709055
0.658	0.000609237	-0.794038
0.659	0.000668434	-0.87393
0.66	0.000733271	-0.948947
0.661	0.000784133	-0.979864
0.662	0.000858976	-1.04908
0.663	0.000938777	-1.11435
0.664	0.00100262	-1.14364
0.665	0.00109113	-1.20442
0.666	0.00116322	-1.23323
0.667	0.00125882	-1.29049
0.668	0.00133839	-1.31894
0.669	0.0014386	-1.37379
0.67	0.00152414	-1.40222
0.671	0.00162546	-1.45586
0.672	0.00171462	-1.48476
0.673	0.00180555	-1.51433
0.674	0.00189771	-1.54463
0.675	0.0019918	-1.59953
0.676	0.00208106	-1.63154
0.677	0.00216886	-1.66475
0.678	0.00225445	-1.6993
0.679	0.00233678	-1.73539
0.68	0.00241479	-1.77329
0.681	0.0024874	-1.81327
0.682	0.00255351	-1.85568
0.683	0.00261204	-1.90095
0.684	0.00266201	-1.94956
0.685	0.00274998	-1.97038
0.686	0.0027862	-2.02534
0.687	0.00281171	-2.08537
0.688	0.00282662	-2.15133
0.689	0.00289799	-2.18332
0.69	0.00289728	-2.26058
0.691	0.00296104	-2.29999
0.692	0.0029484	-2.39164
0.693	0.00300667	-2.44038
0.694	0.00299173	-2.54975
0.695	0.00305098	-2.60977
0.696	0.00305195	-2.73928
0.697	0.00312477	-2.81164
0.698	0.00316961	-2.96042
0.699	0.00327507	-3.04368
0.7	0.00339858	-3.13039
0.701	0.0035438	3.0634
0.702	0.00371435	2.97226
0.703	0.00396152	2.80913
0.704	0.00421035	2.72013
0.705	0.00449357	2.63298
0.706	0.00481264	2.54837
0.707	0.00516834	2.46681
0.708	0.00556075	2.3886
0.709	0.00598929	2.31389
0.71	0.00645265	2.24267
0.711	0.00694885	2.17481
0.712	0.00747524	2.11011
0.713	0.00786441	2.08732
0.714	0.00844205	2.02568
0.715	0.00904102	1.96657
0.716	0.00965595	1.90964
0.717	0.0101331	1.88678
0.718	0.0107748	1.83165
0.719	0.0114159	1.77783
0.72	0.0119388	1.75432
0.721	0.0125771	1.70113
0.722	0.0131175	1.67672
0.723	0.0137297	1.62337
0.724	0.0142727	1.5977
0.725	0.0148312	1.54323
0.726	0.0153585	1.51582
0.727	0.0158807	1.48742
0.728	0.0163229	1.42928
0.729	0.0167989	1.39819
0.73	0.0172567	1.3657
0.731	0.0175187	1.30093
0.732	0.0178979	1.26427
0.733	0.0182454	1.22552
0.734	0.0185578	1.18442
0.735	0.0188318	1.14067
0.736	0.0190652	1.09394
0.737	0.0192564	1.04385
0.738	0.0194054	0.989963
0.739	0.0195138	0.931801
0.74	0.0195852	0.868833
0.741	0.0196265	0.800496
0.742	0.0196475	0.726211
0.743	0.0196621	0.64543
0.744	0.0196888	0.55769
0.745	0.0197509	0.462707
0.746	0.0198763	0.360481
0.747	0.0203613	0.321017
0.748	0.020626	0.208499
0.749	0.0210385	0.0904661
0.75	0.0216678	0.0423831
0.751	0.0223553	-0.081556
0.752	0.0232718	-0.206351
0.753	0.02417	-0.258853
0.754	0.0254661	-0.38196
0.755	0.0265776	-0.434754
0.756	0.0282782	-0.552124
0.757	0.0296245	-0.603449
0.758	0.0317163	-0.712491
0.759	0.0332988	-0.761243
0.76	0.0357316	-0.861048
0.761	0.0375315	-0.906832
0.762	0.0394172	-0.952071
0.763	0.042202	-1.04081
0.764	0.0442504	-1.08331
0.765	0.0463618	-1.12535
0.766	0.0492908	-1.20531
0.767	0.0514724	-1.24543
0.768	0.0536782	-1.28536
0.769	0.055895	-1.32519
0.77	0.0581082	-1.365
0.771	0.0603021	-1.4049
0.772	0.0624595	-1.44501
0.773	0.0648299	-1.51792
0.774	0.0667544	-1.55864
0.775	0.0685754	-1.60013
0.776	0.0702729	-1.64257
0.777	0.0720263	-1.65355
0.778	0.0735533	-1.6981
0.779	0.0749043	-1.74411
0.78	0.0760609	-1.79185
0.781	0.077007	-1.84164
0.782	0.0777295	-1.89383
0.783	0.0782195	-1.94883
0.784	0.0795852	-1.96832
0.785	0.0797354	-2.02843
0.786	0.0796488	-2.09255
0.787	0.0793422	-2.16127
0.788	0.0803373	-2.18874
0.789	0.07974	-2.26558
0.79	0.0790112	-2.3487
0.791	0.0797836	-2.38431
0.792	0.0789513	-2.47811
0.793	0.0796624	-2.5198
0.794	0.0789257	-2.6255
0.795	0.0796815	-2.6739
0.796	0.0793149	-2.79184
0.797	0.0802659	-2.84698
0.798	0.0806004	-2.97582
0.799	0.0819281	-3.03681
0.8	0.083416	-3.09981
0.801	0.0851806	3.04538
0.802	0.087284	2.97942
0.803	0.0904048	2.84144
0.804	0.0932279	2.77543
0.805	0.0963148	2.70953
0.806	0.0996689	2.64404
0.807	0.105077	2.51683
0.808	0.109117	2.45506
0.809	0.113383	2.3944
0.81	0.117855	2.33492
0.811	0.122511	2.27667
0.812	0.12732	2.21967
0.813	0.132252	2.16388
0.814	0.137268	2.10925
0.815	0.144564	2.01146
0.816	0.149529	1.96038
0.817	0.154417	1.91
0.818	0.159179	1.86018
0.819	0.162112	1.85003
0.82	0.166693	1.80002
0.821	0.171023	1.75024
0.822	0.17505	1.7005
0.823	0.17872	1.6506
0.824	0.181983	1.60031
0.825	0.184791	1.5494
0.826	0.1871	1.49762
0.827	0.189388	1.48181
0.828	0.190954	1.4279
0.829	0.191926	1.3724
0.83	0.192283	1.31497
0.831	0.19376	1.29495
0.832	0.193218	1.23374
0.833	0.192051	1.16957
0.834	0.192806	1.14529
0.835	0.190758	1.07568
0.836	0.191057	1.04809
0.837	0.188215	0.971823
0.838	0.184965	0.890369
0.839	0.184618	0.856017
0.84	0.180933	0.765607
0.841	0.180316	0.726159
0.842	0.176545	0.62551
0.843	0.175828	0.580328
0.844	0.175076	0.5329
0.845	0.171846	0.417392
0.846	0.171311	0.363846
0.847	0.169177	0.237864
0.848	0.169139	0.178734
0.849	0.169278	0.11765
0.85	0.169335	-0.0184721
0.851	0.170292	-0.0830391
0.852	0.171516	-0.14867
0.853	0.174284	-0.286872
0.854	0.176433	-0.352725
0.855	0.178845	-0.41854
0.856	0.181505	-0.484068
0.857	0.184388	-0.549083
0.858	0.187462	-0.613389
0.859	0.193886	-0.737127
0.86	0.197339	-0.797561
0.861	0.200803	-0.856932
0.862	0.204222	-0.915222
0.863	0.207536	-0.972442
0.864	0.210686	-1.02863
0.865	0.21361	-1.08385
0.866	0.216247	-1.13817
0.867	0.218536	-1.19171
0.868	0.220419	-1.24456
0.869	0.221839	-1.29688
0.87	0.222745	-1.34878
0.871	0.223088	-1.40043
0.872	0.222826	-1.45199
0.873	0.221923	-1.50364
0.874	0.220349	-1.55557
0.875	0.217975	-1.56761
0.876	0.2154	-1.62065
0.877	0.212112	-1.67445
0.878	0.208111	-1.72925
0.879	0.203408	-1.78533
0.88	0.199518	-1.80091
0.881	0.193811	-1.85948
0.882	0.18747	-1.92008
0.883	0.182695	-1.93833
0.884	0.175476	-2.00253
0.885	0.167762	-2.06973
0.886	0.16219	-2.09137
0.887	0.153834	-2.16371
0.888	0.145197	-2.24037
0.889	0.139	-2.26649
0.89	0.130056	-2.35036
0.891	0.123549	-2.37991
0.892	0.114528	-2.47251
0.893	0.105675	-2.5723
0.894	0.09895	-2.60933
0.895	0.0904317	-2.72091
0.896	0.08365	-2.76383
0.897	0.0756766	-2.8893
0.898	0.0689111	-2.9398
0.899	0.0620715	-2.99352
0.9	0.0549229	3.14073
0.901	0.048146	3.07426
0.902	0.0417441	2.90186
0.903	0.0350336	2.81214
0.904	0.0282819	2.70234
0.905	0.0227587	2.4526
0.906	0.0164126	2.22361
0.907	0.0110124	1.79248
0.908	0.00979034	1.04612
0.909	0.0124924	0.313767
0.91	0.0186278	-0.0908233
0.911	0.0261377	-0.317909
0.912	0.0334323	-0.516825
0.913	0.0422059	-0.64113
0.914	0.0514597	-0.743508
0.915	0.0611524	-0.832958
0.916	0.0712629	-0.914181
0.917	0.0817772	-0.989854
0.918	0.0922596	-1.12235
0.919	0.103643	-1.19096
0.92	0.115377	-1.25735
0.921	0.127437	-1.32212
0.922	0.139796	-1.38571
0.923	0.152424	-1.44847
0.924	0.165288	-1.51068
0.925	0.17835	-1.57259
0.926	0.191574	-1.63441
0.927	0.204919	-1.69634
0.928	0.218346	-1.75854
0.929	0.231817	-1.82119
0.93	0.245293	-1.88444
0.931	0.258739	-1.94842
0.932	0.272125	-2.0133
0.933	0.285424	-2.07918
0.934	0.298617	-2.1462
0.935	0.312498	-2.15676
0.936	0.325558	-2.22597
0.937	0.338487	-2.29656
0.938	0.351293	-2.36861
0.939	0.363995	-2.4422
0.94	0.376622	-2.51737
0.941	0.390405	-2.53381
0.942	0.402974	-2.61164
0.943	0.415569	-2.69108
0.944	0.428249	-2.77209
0.945	0.442033	-2.79256
0.946	0.454895	-2.87611
0.947	0.467992	-2.96104
0.948	0.481895	-2.98436
0.949	0.49538	-3.0715
0.95	0.509243	3.12347
0.951	0.523373	3.09755
0.952	0.537786	3.00763
0.953	0.552657	2.91703
0.954	0.567081	2.88883
0.955	0.582544	2.79705
0.956	0.597117	2.7675
0.957	0.613115	2.67484
0.958	0.627791	2.64404
0.959	0.644198	2.55072
0.96	0.658897	2.51875
0.961	0.675519	2.42491
0.962	0.690131	2.39183
0.963	0.706712	2.29753
0.964	0.721095	2.26334
0.965	0.737338	2.16854
0.966	0.751332	2.13321
0.967	0.766917	2.03776
0.968	0.780352	2.00122
0.969	0.794969	1.9049
0.97	0.807683	1.86703
0.971	0.820052	1.82845
0.972	0.832911	1.7302
0.973	0.844371	1.69011
0.974	0.855422	1.64924
0.975	0.866198	1.54847
0.976	0.876229	1.50588
0.977	0.885818	1.46244
0.978	0.894435	1.35855
0.979	0.902998	1.31318
0.98	0.911127	1.26691
0.981	0.918826	1.21974
0.982	0.925006	1.11108
0.983	0.931825	1.06182
0.984	0.938266	1.01163
0.985	0.944347	0.96051
0.986	0.950082	0.908471
0.987	0.955489	0.855519
0.988	0.95948	0.739619
0.989	0.964361	0.684707
0.99	0.968972	0.628952
0.991	0.973322	0.572382
0.992	0.977414	0.515024
0.993	0.981249	0.456907
0.994	0.984823	0.398064
0.995	0.988125	0.338525
0.996	0.99114	0.278322
0.997	0.993848	0.217485
0.998	0.996221	0.15604
0.999	0.998229	0.0940102
1	0.999835	0.0314157
1.001	1.001	-0.0317295
1.002	1.00168	-0.0954184
1.003	1.00182	-0.15965
1.004	1.00139	-0.22443
1.005	1.00034	-0.289772
1.006	0.99863	-0.355699
1.007	0.996214	-0.42224
1.008	0.993063	-0.489433
1.009	0.989153	-0.557322
1.01	0.984467	-0.625959
1.011	0.979	-0.695401
1.012	0.972756	-0.765709
1.013	0.967151	-0.773317
1.014	0.959517	-0.845262
1.015	0.951164	-0.918232
1.016	0.942142	-0.992293
1.017	0.932516	-1.06751
1.018	0.922359	-1.14392
1.019	0.913232	-1.15604
1.02	0.902112	-1.23458
1.021	0.890681	-1.31443
1.022	0.879045	-1.39559
1.023	0.86804	-1.41111
1.024	0.855931	-1.49451
1.025	0.843869	-1.57917
1.026	0.831946	-1.66501
1.027	0.819619	-1.68412
1.028	0.807702	-1.77195
1.029	0.796094	-1.8607
1.03	0.783096	-1.88233
1.031	0.771695	-1.97263
1.032	0.760636	-2.06342
1.033	0.747162	-2.08732
1.034	0.736301	-2.17904
1.035	0.722509	-2.20422
1.036	0.711744	-2.29647
1.037	0.701038	-2.38844
1.038	0.686784	-2.41516
1.039	0.675797	-2.507
1.04	0.661138	-2.53455
1.041	0.649592	-2.62598
1.042	0.634452	-2.65418
1.043	0.622046	-2.74499
1.044	0.606341	-2.77372
1.045	0.592782	-2.86382
1.046	0.576433	-2.89299
1.047	0.561474	-2.98244
1.048	0.544419	-3.01201
1.049	0.52789	-3.10102
1.05	0.510104	-3.131
1.051	0.491936	3.06325
1.052	0.473439	3.03278
1.053	0.454723	3.00198
1.054	0.43455	2.91228
1.055	0.415244	2.88081
1.056	0.393753	2.78978
1.057	0.374007	2.75738
1.058	0.35418	2.72454
1.059	0.331564	2.63045
1.06	0.31159	2.59626
1.061	0.291656	2.56154
1.062	0.268755	2.46246
1.063	0.249035	2.42579
1.064	0.229494	2.38844
1.065	0.207278	2.28182
1.066	0.188334	2.24169
1.067	0.169705	2.20066
1.068	0.149126	2.08297
1.069	0.131437	2.03782
1.07	0.114173	1.99137
1.071	0.0973583	1.94353
1.072	0.0810126	1.89418
1.073	0.0642721	1.74591
1.074	0.0491525	1.68408
1.075	0.0345315	1.61324
1.076	0.0204206	1.5182
1.077	0.00694355	1.26825
1.078	0.00713522	-1.19804
1.079	0.0191574	-1.59236
1.08	0.0312712	-1.72578
1.081	0.0430925	-1.81882
1.082	0.0546004	-1.89883
1.083	0.0658101	-1.97326
1.084	0.0767443	-2.04487
1.085	0.0868921	-2.18023
1.086	0.0974467	-2.25074
1.087	0.107805	-2.31995
1.088	0.117974	-2.38808
1.089	0.12795	-2.45529
1.09	0.137728	-2.52163
1.091	0.14729	-2.58713
1.092	0.156615	-2.65182
1.093	0.165673	-2.71572
1.094	0.174427	-2.77885
1.095	0.182837	-2.84126
1.096	0.190856	-2.90299
1.097	0.198434	-2.96409
1.098	0.205518	-3.02466
1.099	0.212057	-3.08478
1.1	0.217997	3.13863
1.101	0.223289	3.07907
1.102	0.227884	3.01961
1.103	0.231742	2.96008
1.104	0.234826	2.90034
1.105	0.237108	2.8402
1.106	0.238571	2.77948
1.107	0.240738	2.78094
1.108	0.240817	2.71914
1.109	0.240067	2.6563
1.11	0.238508	2.59219
1.111	0.236172	2.52656
1.112	0.233102	2.45914
1.113	0.229359	2.38966
1.114	0.225016	2.31784
1.115	0.222961	2.31577
1.116	0.21763	2.24063
1.117	0.211909	2.16253
1.118	0.205907	2.08123
1.119	0.199742	1.99654
1.12	0.195636	1.99034
1.121	0.189108	1.90095
1.122	0.182692	1.80793
1.123	0.176499	1.71143
1.124	0.171283	1.70055
1.125	0.165222	1.59934
1.126	0.159583	1.4954
1.127	0.154402	1.38946
1.128	0.148525	1.37302
1.129	0.143711	1.26445
1.13	0.139335	1.15585
1.131	0.133115	1.13557
1.132	0.129013	1.02684
1.133	0.125152	0.920352
1.134	0.118613	0.896903
1.135	0.114738	0.792855
1.136	0.110805	0.69281
1.137	0.103873	0.667103
1.138	0.0995624	0.571335
1.139	0.0949034	0.480469
1.14	0.0874814	0.453206
1.141	0.082152	0.367551
1.142	0.0762902	0.287133
1.143	0.068333	0.258583
1.144	0.0616829	0.184165
1.145	0.0534465	0.153459
1.146	0.0460444	0.0863284
1.147	0.0375894	0.0520245
1.148	0.0295437	-0.00352088
1.149	0.0211144	-0.0379807
1.15	0.0124491	-0.0634552
1.151	0.0039087	0.185125
1.152	0.00502307	2.75228
1.153	0.013929	2.73351
1.154	0.0222233	2.7818
1.155	0.030949	2.69519
1.156	0.0389159	2.69944
1.157	0.0471702	2.61249
1.158	0.0546321	2.605
1.159	0.0621612	2.51753
1.16	0.0689758	2.50393
1.161	0.0755699	2.41443
1.162	0.0816238	2.3964
1.163	0.0873367	2.3764
1.164	0.0923606	2.28138
1.165	0.097214	2.25772
1.166	0.101112	2.15745
1.167	0.105097	2.12996
1.168	0.107969	2.02314
1.169	0.111136	1.99152
1.17	0.113953	1.95834
1.171	0.115661	1.84126
1.172	0.117808	1.80373
1.173	0.119658	1.76463
1.174	0.120803	1.63709
1.175	0.122214	1.5938
1.176	0.123403	1.54908
1.177	0.124683	1.41329
1.178	0.125679	1.36535
1.179	0.126526	1.31635
1.18	0.12848	1.1773
1.181	0.129295	1.12693
1.182	0.129996	1.07611
1.183	0.132739	0.940391
1.184	0.133401	0.890351
1.185	0.13393	0.840469
1.186	0.134314	0.790871
1.187	0.137349	0.666329
1.188	0.137453	0.619483
1.189	0.137335	0.573295
1.19	0.136974	0.527825
1.191	0.139014	0.418097
1.192	0.138002	0.376009
1.193	0.136661	0.334722
1.194	0.134972	0.29425
1.195	0.13469	0.198175
1.196	0.132048	0.160742
1.197	0.129009	0.124055
1.198	0.125571	0.0881131
1.199	0.121735	0.0529166
1.2	0.117505	0.018475
1.201	0.112828	-0.0642926
1.202	0.107598	-0.0964429
1.203	0.102023	-0.127807
1.204	0.0961274	-0.158293
1.205	0.08994	-0.18776
1.206	0.0834929	-0.216002
1.207	0.076822	-0.242711
1.208	0.0682677	-0.315038
1.209	0.0611837	-0.336987
1.21	0.0540344	-0.35507
1.211	0.0468732	-0.367399
1.212	0.0397604	-0.370767
1.213	0.0327694	-0.359377
1.214	0.0260019	-0.321888
1.215	0.0196314	-0.233901
1.216	0.0140407	-0.0386193
1.217	0.0102362	0.374901
1.218	0.0100053	0.97251
1.219	0.0131795	1.38708
1.22	0.0177594	1.57738
1.221	0.0226884	1.65487
1.222	0.0279598	1.63665
1.223	0.0325995	1.62013
1.224	0.0370322	1.58683
1.225	0.0412556	1.54187
1.226	0.0452849	1.48821
1.227	0.0491473	1.42777
1.228	0.0528772	1.36191
1.229	0.0565502	1.36748
1.23	0.0600677	1.29612
1.231	0.063537	1.22163
1.232	0.0669967	1.14478
1.233	0.0704803	1.06637
1.234	0.0740132	0.987118
1.235	0.0776108	0.907736
1.236	0.0812774	0.828852
1.237	0.0850046	0.751009
1.238	0.0887722	0.674654
1.239	0.0925488	0.600124
1.24	0.0962926	0.527649
1.241	0.0999539	0.457362
1.242	0.103476	0.389306
1.243	0.105437	0.390605
1.244	0.108595	0.324843
1.245	0.111476	0.261213
1.246	0.114016	0.199562
1.247	0.116155	0.139705
1.248	0.117836	0.0814202
1.249	0.119008	0.0244674
1.25	0.119457	0.0263857
1.251	0.119818	-0.029269
1.252	0.119581	-0.084116
1.253	0.118722	-0.138456
1.254	0.117226	-0.192608
1.255	0.115094	-0.246919
1.256	0.113913	-0.243956
1.257	0.110878	-0.298468
1.258	0.107243	-0.353917
1.259	0.103045	-0.410771
1.26	0.0983337	-0.469569
1.261	0.0958783	-0.465287
1.262	0.0904949	-0.526229
1.263	0.084749	-0.590482
1.264	0.0787249	-0.658944
1.265	0.0754989	-0.653226
1.266	0.0691501	-0.726566
1.267	0.062742	-0.806666
1.268	0.0563842	-0.89526
1.269	0.0526934	-0.887969
1.27	0.0464428	-0.987484
1.271	0.040495	-1.10112
1.272	0.0349702	-1.23252
1.273	0.0311029	-1.22806
1.274	0.0261219	-1.38786
1.275	0.0218137	-1.57946
1.276	0.0179505	-1.59757
1.277	0.0145003	-1.85922
1.278	0.0119879	-2.18
1.279	0.00859224	-2.36403
1.28	0.00772005	-2.86079
1.281	0.00790771	2.94698
1.282	0.00776304	2.43993
1.283	0.00948155	2.10695
1.284	0.0112181	1.82996
1.285	0.0137597	1.57138
1.286	0.0159479	1.36848
1.287	0.0192684	1.22312
1.288	0.0218821	1.05256
1.289	0.0247706	0.886868
1.29	0.0286888	0.813193
1.291	0.0320918	0.669448
1.292	0.0358083	0.534158
1.293	0.0400102	0.493376
1.294	0.0440669	0.374771
1.295	0.0482559	0.344981
1.296	0.0524562	0.239134
1.297	0.0565209	0.216027
1.298	0.0606389	0.119883
1.299	0.0645945	0.0286519
1.3	0.0682661	0.0120584
1.301	0.0717399	-0.0733756
1.302	0.0749955	-0.0879686
1.303	0.0777677	-0.169656
1.304	0.0805114	-0.183072
1.305	0.0823947	-0.262852
1.306	0.0845459	-0.275713
1.307	0.0853999	-0.35535
1.308	0.0868986	-0.368187
1.309	0.0866429	-0.449487
1.31	0.0874552	-0.462815
1.311	0.0860812	-0.547752
1.312	0.0862031	-0.562135
1.313	0.0837834	-0.652976
1.314	0.0832444	-0.66909
1.315	0.0799406	-0.76852
1.316	0.0788052	-0.787219
1.317	0.0748717	-0.898415
1.318	0.07324	-0.920798
1.319	0.0690236	-1.04732
1.32	0.0670283	-1.07474
1.321	0.0648706	-1.10362
1.322	0.0607552	-1.25388
1.323	0.0584409	-1.28973
1.324	0.0550548	-1.461
1.325	0.0527509	-1.50484
1.326	0.0504885	-1.69339
1.327	0.0483264	-1.74473
1.328	0.0461441	-1.79849
1.329	0.04538	-1.99611
1.33	0.0433911	-2.05422
1.331	0.043665	-2.24026
1.332	0.0417722	-2.29858
1.333	0.0398377	-2.35817
1.334	0.0405712	-2.51712
1.335	0.0385169	-2.57353
1.336	0.0363729	-2.63113
1.337	0.0366412	-2.75738
1.338	0.034162	-2.81147
1.339	0.0336167	-2.91305
1.34	0.03069	-2.96487
1.341	0.0276247	-3.02042
1.342	0.0256911	-3.09746
1.343	0.0221465	3.12716
1.344	0.0184917	3.05705
1.345	0.0151698	2.9982
1.346	0.0111379	2.89649
1.347	0.00715198	2.70846
1.348	0.00371378	2.17195
1.349	0.00271723	0.547125
1.35	0.00684256	0.109418
1.351	0.0112449	-0.0130302
1.352	0.0158346	-0.219796
1.353	0.0202528	-0.249066
1.354	0.0245792	-0.276896
1.355	0.0287899	-0.304046
1.356	0.0330383	-0.422899
1.357	0.0368632	-0.44566
1.358	0.0404879	-0.469594
1.359	0.0438924	-0.494563
1.36	0.0467811	-0.60287
1.361	0.0495455	-0.629208
1.362	0.0520335	-0.656979
1.363	0.0542349	-0.68619
1.364	0.0552439	-0.80222
1.365	0.0567115	-0.835869
1.366	0.0578882	-0.871518
1.367	0.0587789	-0.909287
1.368	0.0581073	-1.04665
1.369	0.0584107	-1.09216
1.37	0.0584933	-1.14053
1.371	0.0583777	-1.19194
1.372	0.0580897	-1.24652
1.373	0.0568444	-1.42355
1.374	0.0564809	-1.48829
1.375	0.0560762	-1.55614
1.376	0.0556611	-1.62692
1.377	0.0552637	-1.70031
1.378	0.0549086	-1.7759
1.379	0.0559082	-1.98062
1.38	0.0560056	-2.05681
1.381	0.0561672	-2.13249
1.382	0.0563815	-2.20707
1.383	0.0566302	-2.28004
1.384	0.0568891	-2.35095
1.385	0.05713	-2.41945
1.386	0.0573212	-2.48528
1.387	0.0603578	-2.6296
1.388	0.0603037	-2.68426
1.389	0.0600597	-2.73617
1.39	0.0595987	-2.78539
1.391	0.0588964	-2.832
1.392	0.0579323	-2.87609
1.393	0.05669	-2.91772
1.394	0.0551576	-2.95695
1.395	0.0533276	-2.99382
1.396	0.0523266	-3.06727
1.397	0.0496573	-3.0962
1.398	0.0467045	-3.12252
1.399	0.0434852	3.13732
1.4	0.0400213	3.11751
1.401	0.0363397	3.10213
1.402	0.0324732	3.09263
1.403	0.0284615	3.09137
1.404	0.0243533	3.10241
1.405	0.0202136	3.13316
1.406	0.0161385	-3.08506
1.407	0.0123005	-2.95518
1.408	0.00907761	-2.69562
1.409	0.00732251	-2.22778
1.41	0.00796465	-1.6948
1.411	0.0104428	-1.35632
1.412	0.0136577	-1.1877
1.413	0.0170594	-1.10772
1.414	0.0204207	-1.07414
1.415	0.0236343	-1.06742
1.416	0.0266422	-1.07799
1.417	0.0294107	-1.10084
1.418	0.0319216	-1.13321
1.419	0.0341686	-1.17354
1.42	0.036156	-1.22093
1.421	0.0378977	-1.27485
1.422	0.039417	-1.33499
1.423	0.040746	-1.40115
1.424	0.0419248	-1.47309
1.425	0.043	-1.55053
1.426	0.0440224	-1.63301
1.427	0.0450446	-1.71991
1.428	0.0461168	-1.81037
1.429	0.0472837	-1.90334
1.43	0.04858	-1.99764
1.431	0.0500273	-2.09198
1.432	0.0516324	-2.18515
1.433	0.0517013	-2.16884
1.434	0.0533494	-2.26151
1.435	0.0551293	-2.35084
1.436	0.0570024	-2.43615
1.437	0.0589193	-2.517
1.438	0.0608241	-2.59319
1.439	0.0626567	-2.66471
1.44	0.0643562	-2.7317
1.441	0.065863	-2.79439
1.442	0.0671208	-2.85306
1.443	0.0661241	-2.84681
1.444	0.0669718	-2.90203
1.445	0.0674696	-2.95373
1.446	0.06758	-3.00225
1.447	0.0672737	-3.04787
1.448	0.0665297	-3.09087
1.449	0.065336	-3.13149
1.45	0.0636896	3.11325
1.451	0.0617039	3.12021
1.452	0.0595038	3.08465
1.453	0.0568798	3.05124
1.454	0.0538577	3.02002
1.455	0.0504711	2.99111
1.456	0.0467619	2.96475
1.457	0.0442104	2.97918
1.458	0.0401944	2.95924
1.459	0.0359823	2.94432
1.46	0.0316402	2.93632
1.461	0.0272422	2.93841
1.462	0.0228744	2.95605
1.463	0.020404	3.01767
1.464	0.016381	3.0901
1.465	0.0127899	-3.05691
1.466	0.0100015	-2.8149
1.467	0.00859409	-2.44817
1.468	0.00900493	-2.15901
1.469	0.0103192	-1.8488
1.47	0.012445	-1.66723
1.471	0.0148291	-1.57968
1.472	0.016861	-1.52369
1.473	0.0192128	-1.51901
1.474	0.0213862	-1.54354
1.475	0.0233669	-1.58961
1.476	0.025196	-1.58246
1.477	0.0269357	-1.65202
1.478	0.0285612	-1.73396
1.479	0.0301383	-1.82623
1.48	0.0317126	-1.83232
1.481	0.0332935	-1.93531
1.482	0.0349879	-2.04326
1.483	0.0368509	-2.15366
1.484	0.0383088	-2.1636
1.485	0.0403949	-2.27426
1.486	0.0426945	-2.38212
1.487	0.0451824	-2.48555
1.488	0.0465703	-2.49425
1.489	0.0491981	-2.59135
1.49	0.0518828	-2.68229
1.491	0.0531066	-2.68893
1.492	0.055721	-2.77271
1.493	0.0582003	-2.85061
1.494	0.059149	-2.85521
1.495	0.0613064	-2.92679
1.496	0.063134	-2.9937
1.497	0.063689	-2.99644
1.498	0.0649649	-3.0584
1.499	0.0657544	-3.11704
