0.5	7.13635e-007	1.3
0.501	7.07059e-007	1.32797
0.502	6.4396e-007	1.38362
0.503	5.57877e-007	1.47733
0.504	4.96269e-007	1.58044
0.505	5.16968e-007	1.59428
0.506	6.63194e-007	1.4818
0.507	5.60126e-007	1.62033
0.508	7.25161e-007	1.49421
0.509	6.18113e-007	1.6205
0.51	6.66021e-007	1.60283
0.511	8.05387e-007	1.51779
0.512	9.77836e-007	1.4434
0.513	7.2116e-007	1.6385
0.514	7.30097e-007	1.6567
0.515	7.49121e-007	1.66951
0.516	7.71476e-007	1.6683
0.517	1.06822e-006	1.49171
0.518	9.29749e-007	1.58699
0.519	8.19193e-007	1.693
0.52	7.84882e-007	1.73741
0.521	9.46188e-007	1.61857
0.522	7.739e-007	1.78251
0.523	9.44015e-007	1.63873
0.524	7.32049e-007	1.84513
0.525	7.75047e-007	1.79986
0.526	9.08179e-007	1.66585
0.527	6.36702e-007	1.97643
0.528	5.9321e-007	2.06551
0.529	5.56651e-007	2.1359
0.53	5.11612e-007	2.23887
0.531	4.60101e-007	2.41812
0.532	4.23236e-007	2.70711
0.533	4.15366e-007	3.04685
0.534	4.34688e-007	-2.93886
0.535	3.58244e-007	-3.12048
0.536	6.03898e-007	-2.50604
0.537	8.08778e-007	-2.29024
0.538	7.9657e-007	-2.23257
0.539	1.20318e-006	-2.10091
0.54	1.2481e-006	-2.04851
0.541	1.68423e-006	-1.97873
0.542	1.92222e-006	-1.94661
0.543	2.04711e-006	-1.90327
0.544	2.1353e-006	-1.85262
0.545	2.95955e-006	-1.84997
0.546	3.33285e-006	-1.83138
0.547	3.72436e-006	-1.81257
0.548	4.15186e-006	-1.79525
0.549	4.61968e-006	-1.77923
0.55	5.11788e-006	-1.76341
0.551	5.62289e-006	-1.74654
0.552	5.81405e-006	-1.72728
0.553	6.5973e-006	-1.72581
0.554	7.31908e-006	-1.71715
0.555	7.52645e-006	-1.69369
0.556	8.51212e-006	-1.69681
0.557	9.25082e-006	-1.68371
0.558	9.87794e-006	-1.67837
0.559	1.02581e-005	-1.66005
0.56	1.14092e-005	-1.66146
0.561	1.20384e-005	-1.65104
0.562	1.25947e-005	-1.63613
0.563	1.37527e-005	-1.63455
0.564	1.4566e-005	-1.62798
0.565	1.53863e-005	-1.61912
0.566	1.61844e-005	-1.61119
0.567	1.70211e-005	-1.60263
0.568	1.7878e-005	-1.59422
0.569	1.87387e-005	-1.58558
0.57	1.95759e-005	-1.57617
0.571	2.03544e-005	-1.56509
0.572	2.10312e-005	-1.55308
0.573	2.19781e-005	-1.54723
0.574	2.27514e-005	-1.53702
0.575	2.33616e-005	-1.5219
0.576	2.42029e-005	-1.51534
0.577	2.46643e-005	-1.49967
0.578	2.54639e-005	-1.49068
0.579	2.59387e-005	-1.47226
0.58	2.64336e-005	-1.46254
0.581	2.69257e-005	-1.44647
0.582	2.68478e-005	-1.42541
0.583	2.72977e-005	-1.411
0.584	2.7571e-005	-1.39252
0.585	2.76951e-005	-1.37066
0.586	2.76852e-005	-1.34604
0.587	2.75467e-005	-1.31854
0.588	2.72758e-005	-1.28829
0.589	2.6861e-005	-1.25459
0.59	2.62834e-005	-1.21627
0.591	2.55167e-005	-1.17143
0.592	2.4562e-005	-1.11725
0.593	2.33886e-005	-1.04917
0.594	2.20198e-005	-0.960458
0.595	2.2031e-005	-0.899541
0.596	2.06092e-005	-0.783253
0.597	1.92302e-005	-0.6222
0.598	1.93681e-005	-0.518884
0.599	1.86342e-005	-0.302207
0.6	1.9377e-005	-0.16616
0.601	2.01302e-005	0.0888885
0.602	2.19265e-005	0.222576
0.603	2.4919e-005	0.458155
0.604	2.78799e-005	0.560232
0.605	3.15305e-005	0.65445
0.606	3.74534e-005	0.809782
0.607	4.21497e-005	0.874038
0.608	4.74589e-005	0.931842
0.609	5.33495e-005	0.983701
0.61	5.98034e-005	1.03038
0.611	6.98969e-005	1.10888
0.612	7.74872e-005	1.14384
0.613	8.56641e-005	1.17606
0.614	9.44337e-005	1.20603
0.615	0.000100168	1.20986
0.616	0.000109872	1.23846
0.617	0.000120139	1.26536
0.618	0.000130976	1.29072
0.619	0.000142393	1.3147
0.62	0.00015082	1.32007
0.621	0.000162945	1.34388
0.622	0.000175625	1.3665
0.623	0.000185527	1.37297
0.624	0.00019875	1.39564
0.625	0.000209697	1.40261
0.626	0.000223308	1.42545
0.627	0.000235006	1.43331
0.628	0.000248816	1.45632
0.629	0.000260961	1.46537
0.63	0.000274725	1.48854
0.631	0.00028699	1.499
0.632	0.000299614	1.50974
0.633	0.000312469	1.52089
0.634	0.000324569	1.54694
0.635	0.000336736	1.56002
0.636	0.000348814	1.5738
0.637	0.000360648	1.58841
0.638	0.000372112	1.60395
0.639	0.000383071	1.62055
0.64	0.000393387	1.63834
0.641	0.000402917	1.65745
0.642	0.000411515	1.67806
0.643	0.000419037	1.70031
0.644	0.000425337	1.72444
0.645	0.000430268	1.75066
0.646	0.0004337	1.77928
0.647	0.000446202	1.78913
0.648	0.000446958	1.82279
0.649	0.000445853	1.85994
0.65	0.000456514	1.87429
0.651	0.000452074	1.91886
0.652	0.000445625	1.96878
0.653	0.000453352	1.99088
0.654	0.00044345	2.05214
0.655	0.000449363	2.08059
0.656	0.000436442	2.15679
0.657	0.000440623	2.19411
0.658	0.000425916	2.28989
0.659	0.000429059	2.33913
0.66	0.000432142	2.39253
0.661	0.000418789	2.52375
0.662	0.000423271	2.59298
0.663	0.000428842	2.66749
0.664	0.000435949	2.7473
0.665	0.00043775	2.92502
0.666	0.000452552	3.0167
0.667	0.000470983	3.11042
0.668	0.000493571	-3.07828
0.669	0.000520784	-2.9844
0.67	0.000553003	-2.89239
0.671	0.000590505	-2.80337
0.672	0.000633461	-2.71817
0.673	0.000681936	-2.63733
0.674	0.000735898	-2.56114
0.675	0.000795232	-2.48961
0.676	0.000859815	-2.42256
0.677	0.000929178	-2.35987
0.678	0.000972226	-2.35009
0.679	0.00104983	-2.29096
0.68	0.00113168	-2.23538
0.681	0.00121727	-2.18289
0.682	0.00127245	-2.17169
0.683	0.00136481	-2.12168
0.684	0.00145954	-2.07388
0.685	0.00152323	-2.06157
0.686	0.00162277	-2.01525
0.687	0.00169126	-2.00189
0.688	0.00179386	-1.95661
0.689	0.00186656	-1.94214
0.69	0.00197023	-1.89727
0.691	0.00204625	-1.88155
0.692	0.00214851	-1.83641
0.693	0.00222664	-1.81922
0.694	0.00230561	-1.80113
0.695	0.00240343	-1.75415
0.696	0.00248244	-1.73419
0.697	0.00256152	-1.71317
0.698	0.00264907	-1.66285
0.699	0.00272571	-1.63937
0.7	0.00280153	-1.61459
0.701	0.00287629	-1.58842
0.702	0.00294978	-1.56078
0.703	0.00302176	-1.53158
0.704	0.00309204	-1.5007
0.705	0.00314599	-1.43645
0.706	0.00320947	-1.40111
0.707	0.00327093	-1.36364
0.708	0.00333045	-1.32389
0.709	0.00338822	-1.28173
0.71	0.0034732	-1.27331
0.711	0.00353078	-1.22713
0.712	0.00358757	-1.17823
0.713	0.00364424	-1.1265
0.714	0.0037016	-1.07187
0.715	0.00376067	-1.01428
0.716	0.00382263	-0.953748
0.717	0.00392214	-0.934487
0.718	0.00399273	-0.869584
0.719	0.00406972	-0.802017
0.72	0.00418247	-0.778432
0.721	0.00427406	-0.707271
0.722	0.00437585	-0.634179
0.723	0.00450822	-0.607255
0.724	0.00463032	-0.531999
0.725	0.00476549	-0.455896
0.726	0.00492305	-0.427115
0.727	0.00508168	-0.35061
0.728	0.00525698	-0.321231
0.729	0.00543884	-0.245312
0.73	0.00563206	-0.215893
0.731	0.00583463	-0.141331
0.732	0.00604443	-0.112303
0.733	0.00626182	-0.0831611
0.734	0.00648593	-0.0111678
0.735	0.00671547	0.0172488
0.736	0.00695058	0.045649
0.737	0.00717972	0.115062
0.738	0.00741864	0.142771
0.739	0.00765947	0.170487
0.74	0.0079009	0.198226
0.741	0.00810211	0.265671
0.742	0.00833091	0.293296
0.743	0.00855435	0.321159
0.744	0.00877043	0.349338
0.745	0.00897702	0.377923
0.746	0.00917185	0.407028
0.747	0.00935254	0.436784
0.748	0.00951661	0.46735
0.749	0.00966156	0.49891
0.75	0.00978488	0.531682
0.751	0.00988411	0.565925
0.752	0.00995696	0.601944
0.753	0.0100014	0.640097
0.754	0.0100156	0.680812
0.755	0.00999865	0.724597
0.756	0.00995009	0.772053
0.757	0.00987062	0.82389
0.758	0.00976237	0.88094
0.759	0.00962929	0.944164
0.76	0.00973412	0.945541
0.761	0.00955787	1.01895
0.762	0.00937472	1.10147
0.763	0.00919992	1.19434
0.764	0.00922968	1.20898
0.765	0.00907393	1.31885
0.766	0.0089836	1.44109
0.767	0.00900425	1.47112
0.768	0.00903677	1.61143
0.769	0.00922124	1.75945
0.77	0.00932871	1.80588
0.771	0.00976988	1.96004
0.772	0.00998573	2.01287
0.773	0.0107451	2.16125
0.774	0.0117322	2.29641
0.775	0.012212	2.34752
0.776	0.0135249	2.46311
0.777	0.0141837	2.50906
0.778	0.0149101	2.55377
0.779	0.0166329	2.64326
0.78	0.0175423	2.68114
0.781	0.0195072	2.75222
0.782	0.0205886	2.78364
0.783	0.0217392	2.81337
0.784	0.0239744	2.86566
0.785	0.0252737	2.88992
0.786	0.0266357	2.91267
0.787	0.0290315	2.95097
0.788	0.0305039	2.96935
0.789	0.0320259	2.98646
0.79	0.0335935	3.00233
0.791	0.0352018	3.01701
0.792	0.0376254	3.04066
0.793	0.0392524	3.05218
0.794	0.0408937	3.06268
0.795	0.0425411	3.0722
0.796	0.0441854	3.08076
0.797	0.0458163	3.08838
0.798	0.0474229	3.09509
0.799	0.0489932	3.10089
0.8	0.0505141	3.1058
0.801	0.0519182	3.11369
0.802	0.0531709	3.11634
0.803	0.0543201	3.11811
0.804	0.0558125	3.11658
0.805	0.0568596	3.11701
0.806	0.0577603	3.11648
0.807	0.0584957	3.11496
0.808	0.059046	3.1124
0.809	0.0593914	3.10872
0.81	0.0595113	3.10382
0.811	0.0593855	3.0976
0.812	0.0589935	3.08991
0.813	0.0603391	3.08364
0.814	0.0595831	3.07339
0.815	0.058508	3.0611
0.816	0.0570959	3.04642
0.817	0.0553309	3.02885
0.818	0.0562471	3.01774
0.819	0.0539774	2.99491
0.82	0.051322	2.96725
0.821	0.0518974	2.95153
0.822	0.0486931	2.91472
0.823	0.0451104	2.86868
0.824	0.0452953	2.84483
0.825	0.0412122	2.7804
0.826	0.0368766	2.69534
0.827	0.0367315	2.65504
0.828	0.0322501	2.52705
0.829	0.0320593	2.46974
0.83	0.0280358	2.27278
0.831	0.0280929	2.19153
0.832	0.0257202	1.90596
0.833	0.0265197	1.80482
0.834	0.0272864	1.4744
0.835	0.0292245	1.38096
0.836	0.0335434	1.10156
0.837	0.0365673	1.03541
0.838	0.0436085	0.838924
0.839	0.0474869	0.795573
0.84	0.0516136	0.755452
0.841	0.0609058	0.631382
0.842	0.0657002	0.603418
0.843	0.0707244	0.57688
0.844	0.0814573	0.492247
0.845	0.0870202	0.471816
0.846	0.0927903	0.451951
0.847	0.104386	0.388755
0.848	0.110562	0.371953
0.849	0.116908	0.355284
0.85	0.123415	0.338706
0.851	0.135411	0.288801
0.852	0.142113	0.273435
0.853	0.148914	0.257922
0.854	0.155797	0.242229
0.855	0.162742	0.226325
0.856	0.169729	0.210176
0.857	0.180832	0.167067
0.858	0.187582	0.150739
0.859	0.194272	0.133982
0.86	0.200875	0.116756
0.861	0.20736	0.099017
0.862	0.213695	0.0807192
0.863	0.219847	0.0618108
0.864	0.225781	0.0422362
0.865	0.231463	0.0219344
0.866	0.236856	0.000838123
0.867	0.241926	-0.0211264
0.868	0.246636	-0.0440416
0.869	0.25095	-0.067998
0.87	0.254835	-0.0930967
0.871	0.258258	-0.11945
0.872	0.261187	-0.147184
0.873	0.263597	-0.176439
0.874	0.265462	-0.207373
0.875	0.266764	-0.240163
0.876	0.267491	-0.275007
0.877	0.272623	-0.277644
0.878	0.272728	-0.315523
0.879	0.272242	-0.355966
0.88	0.27118	-0.399256
0.881	0.269573	-0.445706
0.882	0.274452	-0.452098
0.883	0.272258	-0.50303
0.884	0.269628	-0.557892
0.885	0.266651	-0.617072
0.886	0.27126	-0.627184
0.887	0.267985	-0.692287
0.888	0.26464	-0.762534
0.889	0.261399	-0.83824
0.89	0.265899	-0.852839
0.891	0.263013	-0.935562
0.892	0.260715	-1.02398
0.893	0.265395	-1.04201
0.894	0.26412	-1.13715
0.895	0.264009	-1.23712
0.896	0.269201	-1.25822
0.897	0.270842	-1.36301
0.898	0.276488	-1.38564
0.899	0.280239	-1.49349
0.9	0.286454	-1.51727
0.901	0.292582	-1.62612
0.902	0.300695	-1.73415
0.903	0.308106	-1.7584
0.904	0.318706	-1.86388
0.905	0.326856	-1.88809
0.906	0.339812	-1.98962
0.907	0.348692	-2.01353
0.908	0.363737	-2.11029
0.909	0.373295	-2.13375
0.91	0.383059	-2.15752
0.911	0.400199	-2.24844
0.912	0.410529	-2.27174
0.913	0.428828	-2.35782
0.914	0.439586	-2.38073
0.915	0.450486	-2.40393
0.916	0.469544	-2.48516
0.917	0.480663	-2.50817
0.918	0.499669	-2.58593
0.919	0.510813	-2.60894
0.92	0.521981	-2.63232
0.921	0.540174	-2.70732
0.922	0.551099	-2.731
0.923	0.561964	-2.75512
0.924	0.572749	-2.77968
0.925	0.588814	-2.85342
0.926	0.599013	-2.87869
0.927	0.609043	-2.9045
0.928	0.618882	-2.93087
0.929	0.631634	-3.00535
0.93	0.640577	-3.03291
0.931	0.649252	-3.06113
0.932	0.657641	-3.09005
0.933	0.66573	-3.11969
0.934	0.673486	3.0851
0.935	0.680435	3.05361
0.936	0.687047	3.02127
0.937	0.693316	2.98802
0.938	0.69924	2.95384
0.939	0.70482	2.9187
0.94	0.71006	2.88255
0.941	0.71497	2.84537
0.942	0.71956	2.80711
0.943	0.723847	2.76775
0.944	0.722903	2.67359
0.945	0.726386	2.63115
0.946	0.729683	2.5875
0.947	0.73283	2.54261
0.948	0.735866	2.49648
0.949	0.738835	2.44908
0.95	0.741784	2.40043
0.951	0.74476	2.35053
0.952	0.747813	2.2994
0.953	0.750994	2.24705
0.954	0.754353	2.19354
0.955	0.762932	2.20138
0.956	0.766465	2.14632
0.957	0.770266	2.09018
0.958	0.774378	2.03301
0.959	0.778841	1.97489
0.96	0.783686	1.9159
0.961	0.788941	1.8561
0.962	0.794622	1.79559
0.963	0.800739	1.73445
0.964	0.808648	1.73841
0.965	0.815107	1.6763
0.966	0.821984	1.61373
0.967	0.829261	1.55077
0.968	0.836908	1.48749
0.969	0.844885	1.42396
0.97	0.852141	1.42523
0.971	0.860261	1.36106
0.972	0.868598	1.29674
0.973	0.87709	1.23228
0.974	0.88377	1.23168
0.975	0.892165	1.16665
0.976	0.900566	1.10151
0.977	0.908902	1.03626
0.978	0.914844	1.03372
0.979	0.922804	0.967833
0.98	0.930544	0.901773
0.981	0.935845	0.897709
0.982	0.943027	0.830911
0.983	0.949853	0.763837
0.984	0.954428	0.758186
0.985	0.960548	0.690219
0.986	0.966213	0.621844
0.987	0.969995	0.614524
0.988	0.974861	0.545075
0.989	0.978131	0.536621
0.99	0.982176	0.465987
0.991	0.985721	0.394719
0.992	0.988155	0.384448
0.993	0.990905	0.311812
0.994	0.992827	0.300326
0.995	0.994833	0.226232
0.996	0.996259	0.213505
0.997	0.997598	0.137879
0.998	0.998552	0.12389
0.999	0.99932	0.0466796
1	0.999836	0.031417
1.001	1.00015	-0.047401
1.002	1.00026	-0.0639407
1.003	1.00024	-0.144358
1.004	1	-0.162166
1.005	0.999754	-0.244136
1.006	0.999205	-0.263188
1.007	0.998842	-0.346631
1.008	0.998018	-0.366892
1.009	0.99762	-0.451694
1.01	0.996549	-0.473112
1.011	0.995317	-0.495047
1.012	0.994855	-0.581648
1.013	0.993389	-0.604661
1.014	0.992932	-0.692275
1.015	0.991223	-0.716297
1.016	0.989344	-0.740792
1.017	0.988725	-0.829728
1.018	0.98656	-0.855144
1.019	0.984208	-0.881007
1.02	0.983224	-0.971029
1.021	0.980509	-0.997737
1.022	0.977581	-1.02487
1.023	0.975944	-1.11582
1.024	0.972551	-1.14375
1.025	0.968911	-1.1721
1.026	0.966282	-1.26393
1.027	0.962063	-1.29307
1.028	0.957563	-1.32262
1.029	0.952774	-1.3526
1.03	0.94842	-1.4458
1.031	0.942925	-1.47661
1.032	0.937113	-1.50787
1.033	0.930982	-1.53957
1.034	0.924525	-1.57172
1.035	0.917608	-1.66719
1.036	0.910363	-1.70034
1.037	0.902789	-1.73398
1.038	0.894888	-1.76813
1.039	0.886663	-1.80279
1.04	0.877107	-1.90142
1.041	0.868144	-1.93731
1.042	0.858887	-1.97376
1.043	0.849345	-2.01079
1.044	0.839531	-2.04842
1.045	0.829458	-2.08665
1.046	0.819141	-2.1255
1.047	0.806958	-2.22998
1.048	0.7962	-2.27033
1.049	0.785263	-2.31131
1.05	0.774166	-2.35295
1.051	0.762929	-2.39524
1.052	0.751569	-2.43817
1.053	0.740104	-2.48176
1.054	0.728551	-2.52598
1.055	0.716926	-2.57082
1.056	0.705245	-2.61629
1.057	0.69352	-2.66235
1.058	0.681763	-2.709
1.059	0.669982	-2.7562
1.06	0.658184	-2.80394
1.061	0.646374	-2.85218
1.062	0.634551	-2.9009
1.063	0.622715	-2.95006
1.064	0.610861	-2.99963
1.065	0.598981	-3.04958
1.066	0.587066	-3.09986
1.067	0.575101	3.13273
1.068	0.563072	3.08186
1.069	0.550963	3.03075
1.07	0.538754	2.97941
1.071	0.526427	2.92788
1.072	0.513961	2.87617
1.073	0.501337	2.82428
1.074	0.488535	2.77223
1.075	0.475875	2.78674
1.076	0.462788	2.73429
1.077	0.44949	2.68168
1.078	0.435967	2.62888
1.079	0.422209	2.57587
1.08	0.408213	2.52259
1.081	0.393975	2.46898
1.082	0.379502	2.41498
1.083	0.366206	2.42812
1.084	0.351418	2.37355
1.085	0.33642	2.31841
1.086	0.321235	2.26255
1.087	0.305891	2.20583
1.088	0.292305	2.21863
1.089	0.27677	2.16079
1.09	0.261162	2.10167
1.091	0.245529	2.041
1.092	0.229928	1.97849
1.093	0.216193	1.99093
1.094	0.20066	1.92583
1.095	0.185303	1.85788
1.096	0.170196	1.78653
1.097	0.156533	1.79764
1.098	0.141785	1.72072
1.099	0.127474	1.63807
1.1	0.113693	1.54829
1.101	0.100325	1.55226
1.102	0.087303	1.44728
1.103	0.0750765	1.32744
1.104	0.0622028	1.30918
1.105	0.0512662	1.14562
1.106	0.041693	0.938579
1.107	0.030427	0.794126
1.108	0.0245419	0.400606
1.109	0.022457	-0.0816466
1.11	0.0218381	-0.617065
1.111	0.0274095	-0.967892
1.112	0.0336058	-1.20732
1.113	0.0412825	-1.41934
1.114	0.0477174	-1.55274
1.115	0.0534748	-1.67544
1.116	0.0621484	-1.7696
1.117	0.0671607	-1.87484
1.118	0.075813	-1.93717
1.119	0.0800599	-2.03876
1.12	0.083855	-2.1459
1.121	0.0920671	-2.18727
1.122	0.0954096	-2.29652
1.123	0.103284	-2.32934
1.124	0.106398	-2.4419
1.125	0.113915	-2.46921
1.126	0.117052	-2.58508
1.127	0.120581	-2.7052
1.128	0.127625	-2.72709
1.129	0.131632	-2.84829
1.13	0.138359	-2.86783
1.131	0.143019	-2.98872
1.132	0.149442	-3.00656
1.133	0.15486	-3.1257
1.134	0.160986	3.14089
1.135	0.167184	3.02479
1.136	0.173006	3.00911
1.137	0.179919	2.89703
1.138	0.185416	2.88204
1.139	0.192901	2.77456
1.14	0.198037	2.76008
1.141	0.205888	2.65742
1.142	0.210612	2.64329
1.143	0.215093	2.62883
1.144	0.222827	2.53144
1.145	0.22682	2.51719
1.146	0.234335	2.42405
1.147	0.23777	2.40986
1.148	0.244778	2.32045
1.149	0.247582	2.30618
1.15	0.250092	2.29159
1.151	0.255918	2.20537
1.152	0.257713	2.19053
1.153	0.262475	2.10654
1.154	0.2635	2.09129
1.155	0.264199	2.07569
1.156	0.267226	1.99291
1.157	0.267107	1.97667
1.158	0.266656	1.96004
1.159	0.267792	1.8773
1.16	0.266511	1.85977
1.161	0.266225	1.77653
1.162	0.264134	1.75785
1.163	0.261727	1.73865
1.164	0.259624	1.6532
1.165	0.256477	1.63251
1.166	0.253044	1.61121
1.167	0.249333	1.58928
1.168	0.245333	1.49911
1.169	0.241038	1.47522
1.17	0.236514	1.45057
1.171	0.231481	1.35552
1.172	0.226546	1.32855
1.173	0.221442	1.30071
1.174	0.216186	1.27194
1.175	0.210588	1.16962
1.176	0.20517	1.13825
1.177	0.199667	1.10589
1.178	0.194097	1.07251
1.179	0.18875	0.963209
1.18	0.183249	0.927391
1.181	0.177737	0.890618
1.182	0.172227	0.852907
1.183	0.167685	0.739469
1.184	0.162376	0.700294
1.185	0.157093	0.660472
1.186	0.151841	0.620076
1.187	0.146622	0.579197
1.188	0.143025	0.468338
1.189	0.137945	0.428303
1.19	0.13287	0.388354
1.191	0.127791	0.348639
1.192	0.122698	0.309317
1.193	0.11758	0.270562
1.194	0.113842	0.177155
1.195	0.108543	0.143032
1.196	0.10316	0.110377
1.197	0.0976802	0.0794926
1.198	0.0920948	0.0507433
1.199	0.0863956	0.0245813
1.2	0.080577	0.00158685
1.201	0.0746349	-0.045446
1.202	0.0683948	-0.0537038
1.203	0.0620598	-0.0544219
1.204	0.0556614	-0.0450088
1.205	0.0492515	-0.0215353
1.206	0.0429174	0.0221136
1.207	0.0368077	0.0956257
1.208	0.0311839	0.213986
1.209	0.0265054	0.397289
1.21	0.0235029	0.659152
1.211	0.0254337	1.05499
1.212	0.0285385	1.3112
1.213	0.033515	1.49883
1.214	0.0396864	1.62554
1.215	0.0465794	1.70837
1.216	0.0539004	1.7614
1.217	0.0614644	1.79417
1.218	0.0691487	1.81286
1.219	0.0768646	1.8215
1.22	0.0845433	1.82275
1.221	0.0921281	1.81841
1.222	0.0995697	1.80973
1.223	0.106824	1.7976
1.224	0.113852	1.78263
1.225	0.120615	1.7653
1.226	0.127079	1.74592
1.227	0.133213	1.72475
1.228	0.138988	1.70195
1.229	0.144376	1.67764
1.23	0.149356	1.65191
1.231	0.153905	1.62481
1.232	0.158009	1.59635
1.233	0.161652	1.56653
1.234	0.164827	1.53535
1.235	0.167526	1.50276
1.236	0.16975	1.46873
1.237	0.171502	1.43318
1.238	0.17279	1.39605
1.239	0.173626	1.35727
1.24	0.175987	1.37279
1.241	0.176281	1.33213
1.242	0.176161	1.28969
1.243	0.175654	1.24539
1.244	0.174791	1.19913
1.245	0.17361	1.15082
1.246	0.17215	1.1004
1.247	0.170454	1.04781
1.248	0.168569	0.992994
1.249	0.166542	0.935945
1.25	0.167519	0.951451
1.251	0.165265	0.892339
1.252	0.162963	0.831091
1.253	0.160656	0.767808
1.254	0.158388	0.702632
1.255	0.156193	0.635762
1.256	0.154101	0.567441
1.257	0.152133	0.49796
1.258	0.151881	0.514295
1.259	0.149904	0.444199
1.26	0.148059	0.373631
1.261	0.14634	0.302953
1.262	0.144726	0.232526
1.263	0.143189	0.162689
1.264	0.141991	0.179444
1.265	0.140339	0.110795
1.266	0.13868	0.0433465
1.267	0.136966	-0.022682
1.268	0.135147	-0.0871223
1.269	0.133163	-0.0697321
1.27	0.131023	-0.131976
1.271	0.128671	-0.192391
1.272	0.126062	-0.250959
1.273	0.123152	-0.307707
1.274	0.12039	-0.288354
1.275	0.116974	-0.342407
1.276	0.11319	-0.394669
1.277	0.109016	-0.445249
1.278	0.105675	-0.422704
1.279	0.100938	-0.470106
1.28	0.0957969	-0.515842
1.281	0.0902573	-0.560026
1.282	0.0864137	-0.53088
1.283	0.0803542	-0.570512
1.284	0.0739423	-0.608147
1.285	0.0672111	-0.643672
1.286	0.063029	-0.599511
1.287	0.0559459	-0.625181
1.288	0.0486572	-0.645476
1.289	0.0444955	-0.57457
1.29	0.0371214	-0.56785
1.291	0.0297712	-0.537926
1.292	0.0226193	-0.464277
1.293	0.0197942	-0.238538
1.294	0.0146049	0.0592308
1.295	0.0123518	0.56504
1.296	0.0156482	0.889961
1.297	0.0191922	1.22399
1.298	0.0242176	1.41354
1.299	0.0296592	1.44628
1.3	0.03519	1.51778
1.301	0.040599	1.55375
1.302	0.0459387	1.54685
1.303	0.0509227	1.55356
1.304	0.05543	1.54721
1.305	0.0604622	1.53357
1.306	0.0642683	1.51459
1.307	0.0674448	1.48796
1.308	0.072095	1.4729
1.309	0.0744458	1.43787
1.31	0.078838	1.4237
1.311	0.0803396	1.38106
1.312	0.0811639	1.33199
1.313	0.0851211	1.31749
1.314	0.0851415	1.26069
1.315	0.0888253	1.24683
1.316	0.0881166	1.18192
1.317	0.0869236	1.10899
1.318	0.0902057	1.09506
1.319	0.0885287	1.01287
1.32	0.0915707	0.999503
1.321	0.0895932	0.907684
1.322	0.0875994	0.806057
1.323	0.0903484	0.793426
1.324	0.0884749	0.68234
1.325	0.0910415	0.670696
1.326	0.0895146	0.551375
1.327	0.0919116	0.540889
1.328	0.0909265	0.415366
1.329	0.0931581	0.406208
1.33	0.0928501	0.277175
1.331	0.0933312	0.145989
1.332	0.0953322	0.139926
1.333	0.0965335	0.0110036
1.334	0.0983167	0.00648875
1.335	0.100125	-0.117826
1.336	0.101653	-0.120934
1.337	0.103889	-0.239124
1.338	0.10512	-0.241013
1.339	0.107561	-0.352398
1.34	0.10845	-0.353277
1.341	0.110861	-0.457871
1.342	0.111363	-0.457941
1.343	0.113512	-0.556263
1.344	0.113586	-0.555713
1.345	0.115264	-0.648599
1.346	0.114874	-0.647601
1.347	0.115907	-0.736082
1.348	0.115023	-0.734796
1.349	0.115276	-0.820017
1.35	0.113881	-0.818603
1.351	0.113267	-0.90179
1.352	0.111354	-0.900425
1.353	0.109836	-0.982898
1.354	0.10741	-0.981794
1.355	0.104823	-0.980579
1.356	0.102086	-1.06444
1.357	0.099014	-1.06374
1.358	0.0954864	-1.15043
1.359	0.0919675	-1.15068
1.36	0.087786	-1.24232
1.361	0.0838741	-1.2442
1.362	0.0792307	-1.34347
1.363	0.0749961	-1.34806
1.364	0.0706566	-1.35281
1.365	0.0656704	-1.46749
1.366	0.0611199	-1.47735
1.367	0.0563145	-1.60989
1.368	0.0516723	-1.62854
1.369	0.0469886	-1.64989
1.37	0.0428613	-1.81906
1.371	0.0382978	-1.85926
1.372	0.0353498	-2.06396
1.373	0.031173	-2.13546
1.374	0.0271579	-2.22565
1.375	0.0264143	-2.48482
1.376	0.0233511	-2.6259
1.377	0.0243989	-2.8706
1.378	0.0225326	-3.0428
1.379	0.0213262	3.04757
1.38	0.0235965	2.88801
1.381	0.0232839	2.71221
1.382	0.0235407	2.53901
1.383	0.0250488	2.46193
1.384	0.0255268	2.31309
1.385	0.0263583	2.17314
1.386	0.0260961	2.12169
1.387	0.0267958	1.99162
1.388	0.0277222	1.86941
1.389	0.0255264	1.79894
1.39	0.0262853	1.67287
1.391	0.0272353	1.55362
1.392	0.0236076	1.41671
1.393	0.0246358	1.28428
1.394	0.025879	1.16059
1.395	0.0223793	0.903546
1.396	0.0241793	0.775276
1.397	0.0261873	0.660953
1.398	0.0253797	0.314716
1.399	0.0281765	0.226363
1.4	0.0310716	0.149425
1.401	0.0340828	-0.156832
1.402	0.0374871	-0.203777
1.403	0.0408981	-0.246397
1.404	0.0443045	-0.285589
1.405	0.0503181	-0.496482
1.406	0.0538691	-0.521479
1.407	0.0573639	-0.545567
1.408	0.060793	-0.568871
1.409	0.0680643	-0.719647
1.41	0.0713711	-0.736802
1.411	0.0745647	-0.753886
1.412	0.0819289	-0.874048
1.413	0.0848091	-0.888221
1.414	0.0875305	-0.902582
1.415	0.0900831	-0.917114
1.416	0.0964477	-1.01747
1.417	0.0984951	-1.03099
1.418	0.100335	-1.04481
1.419	0.101961	-1.05893
1.42	0.103365	-1.07333
1.421	0.107532	-1.16377
1.422	0.108279	-1.17848
1.423	0.108784	-1.19362
1.424	0.109044	-1.20919
1.425	0.110961	-1.2976
1.426	0.110528	-1.31453
1.427	0.109851	-1.33208
1.428	0.108935	-1.3503
1.429	0.107782	-1.36923
1.43	0.107086	-1.46321
1.431	0.105332	-1.4849
1.432	0.103374	-1.5076
1.433	0.101222	-1.53139
1.434	0.0988886	-1.55637
1.435	0.096351	-1.66403
1.436	0.0936641	-1.69363
1.437	0.090859	-1.72488
1.438	0.0879527	-1.75791
1.439	0.0849634	-1.79286
1.44	0.0819099	-1.82989
1.441	0.0790095	-1.96318
1.442	0.0760347	-2.00688
1.443	0.0730784	-2.05301
1.444	0.0701599	-2.10168
1.445	0.0672976	-2.15294
1.446	0.0645091	-2.20683
1.447	0.063262	-2.36075
1.448	0.0608853	-2.41849
1.449	0.0586135	-2.47784
1.45	0.0564483	-2.53853
1.451	0.0543876	-2.60023
1.452	0.0524256	-2.66258
1.453	0.0505527	-2.7252
1.454	0.0510945	-2.84927
1.455	0.0493406	-2.9036
1.456	0.0475865	-2.95632
1.457	0.0458118	-3.00709
1.458	0.0439959	-3.05559
1.459	0.0421184	-3.10151
1.46	0.0401601	3.13868
1.461	0.0381032	3.09896
1.462	0.036831	3.07737
1.463	0.0343079	3.05822
1.464	0.0316512	3.04589
1.465	0.0288649	3.04223
1.466	0.0259611	3.05005
1.467	0.0229649	3.07381
1.468	0.0199228	3.12086
1.469	0.0169213	-3.07959
1.47	0.0141255	-2.94048
1.471	0.0118519	-2.71562
1.472	0.0106317	-2.38941
1.473	0.0151235	-1.89425
1.474	0.0176234	-1.68138
1.475	0.0209293	-1.53155
1.476	0.0247558	-1.43003
1.477	0.0289146	-1.36198
1.478	0.0332849	-1.31673
1.479	0.0377848	-1.28719
1.48	0.0423547	-1.26874
1.481	0.0469478	-1.25835
1.482	0.0515247	-1.25394
1.483	0.056051	-1.2541
1.484	0.0604953	-1.25783
1.485	0.0648287	-1.26442
1.486	0.0690242	-1.27335
1.487	0.0730561	-1.28424
1.488	0.0769007	-1.29682
1.489	0.0805355	-1.31087
1.49	0.0839399	-1.32626
1.491	0.0870951	-1.34289
1.492	0.0899839	-1.36067
1.493	0.0925913	-1.37958
1.494	0.0949046	-1.39959
1.495	0.0969133	-1.4207
1.496	0.0986092	-1.44292
1.497	0.099987	-1.4663
1.498	0.101044	-1.49087
1.499	0.10178	-1.5167
