0.5	3.83219e-008	2.38261
0.501	2.57254e-008	2.38864
0.502	4.48568e-010	0.154169
0.503	3.0841e-008	2.38283
0.504	2.64759e-009	-0.840865
0.505	1.32936e-009	-0.567696
0.506	1.36125e-008	2.3924
0.507	4.81854e-009	-0.669814
0.508	2.05893e-009	-0.543811
0.509	1.53213e-009	-0.943948
0.51	5.13031e-009	-0.729343
0.511	1.88221e-008	2.3888
0.512	3.48352e-009	-0.695621
0.513	5.29073e-009	-0.701071
0.514	3.90233e-009	-0.624374
0.515	1.87367e-008	2.4092
0.516	3.60288e-009	-0.784476
0.517	1.20046e-009	-0.50866
0.518	1.24902e-009	-0.593979
0.519	5.13493e-009	-0.746684
0.52	2.43989e-008	2.3938
0.521	4.64341e-009	-0.773741
0.522	3.95412e-009	-0.80269
0.523	4.69162e-009	-0.641562
0.524	1.80902e-009	-1.1293
0.525	4.09897e-009	2.44541
0.526	3.0042e-008	2.40489
0.527	4.01435e-010	-2.93393
0.528	3.21305e-008	2.37494
0.529	6.31689e-009	2.59617
0.53	3.75267e-009	-0.92963
0.531	3.22563e-009	-0.644639
0.532	1.23157e-009	2.69421
0.533	3.86259e-009	-0.767058
0.534	3.85581e-009	-0.71868
0.535	6.19758e-009	2.52062
0.536	3.49595e-008	2.39525
0.537	1.59146e-009	-1.50109
0.538	3.91969e-008	2.39365
0.539	1.0742e-008	2.4246
0.54	5.63822e-009	-0.791354
0.541	3.27666e-009	2.66865
0.542	1.45251e-008	2.31841
0.543	1.19821e-008	2.38893
0.544	2.12599e-009	-0.52696
0.545	2.41083e-009	-0.855937
0.546	1.77797e-009	-1.24623
0.547	1.28284e-008	2.38494
0.548	1.54721e-008	2.28167
0.549	5.66971e-009	2.28776
0.55	6.73388e-009	-0.615174
0.551	2.05627e-008	2.41278
0.552	2.97305e-009	-0.426516
0.553	4.92549e-009	-0.606755
0.554	5.57899e-009	-0.712311
0.555	4.37739e-008	2.37708
0.556	4.20471e-009	2.60572
0.557	8.69394e-010	-2.96733
0.558	5.43228e-009	-0.741218
0.559	3.2966e-009	-0.624776
0.56	6.9539e-009	-0.903192
0.561	1.07733e-009	-0.768263
0.562	6.93551e-009	2.63437
0.563	6.58262e-010	-0.889727
0.564	5.53607e-009	-0.999433
0.565	5.67887e-009	-0.696666
0.566	7.65034e-009	-0.820712
0.567	4.54634e-008	2.39562
0.568	2.71589e-009	3.06201
0.569	4.40627e-008	2.34818
0.57	6.36954e-009	-0.739623
0.571	7.77114e-009	-0.592129
0.572	6.38812e-009	-0.727051
0.573	4.81357e-008	2.48078
0.574	6.58906e-009	2.31192
0.575	2.1479e-009	0.312904
0.576	4.93017e-009	-1.1012
0.577	3.18934e-009	-0.0297667
0.578	1.97498e-009	-1.83518
0.579	6.13787e-009	-0.745764
0.58	4.37244e-008	2.39591
0.581	2.59243e-009	-0.576121
0.582	2.18978e-008	2.55484
0.583	1.06716e-009	-1.00565
0.584	3.76197e-009	-1.48024
0.585	4.92002e-008	2.41912
0.586	2.00121e-008	2.48098
0.587	8.41235e-009	-0.652264
0.588	2.19458e-008	2.66206
0.589	6.6741e-009	-0.93925
0.59	6.54157e-009	-0.84196
0.591	1.08889e-008	-0.82004
0.592	5.87631e-009	-0.681584
0.593	3.65776e-008	2.32298
0.594	1.61602e-009	0.274468
0.595	3.83943e-008	2.36008
0.596	3.80356e-009	-0.622476
0.597	5.84362e-009	-0.657531
0.598	4.77292e-009	-0.0134226
0.599	7.71203e-009	-0.684789
0.6	4.59895e-008	2.49277
0.601	6.58615e-009	2.34031
0.602	2.41816e-009	-2.04774
0.603	5.27894e-009	-0.77268
0.604	6.65352e-009	2.31411
0.605	3.46754e-009	2.52132
0.606	1.85043e-010	1.50024
0.607	9.30243e-009	-1.00641
0.608	4.79579e-008	2.40322
0.609	2.58634e-009	-0.602255
0.61	3.15702e-008	2.38706
0.611	6.89582e-009	-0.589828
0.612	6.75418e-009	-0.900394
0.613	9.59656e-009	-0.994467
0.614	3.62179e-009	2.55802
0.615	2.62271e-008	2.49079
0.616	1.35877e-009	-1.33698
0.617	3.54916e-008	2.51215
0.618	7.36582e-009	-2.39446
0.619	7.57753e-009	-2.58304
0.62	1.32529e-008	-3.13528
0.621	1.01657e-008	-2.90518
0.622	1.09724e-008	-3.09116
0.623	6.09656e-008	2.57615
0.624	1.76448e-008	2.98575
0.625	7.28026e-008	2.56493
0.626	1.03959e-008	-2.89865
0.627	1.5085e-008	2.66611
0.628	2.33261e-008	2.51232
0.629	1.35002e-008	2.32256
0.63	4.19534e-009	1.38129
0.631	1.529e-008	-0.188681
0.632	3.43986e-008	1.89402
0.633	3.14935e-008	0.0788065
0.634	3.35973e-008	0.672905
0.635	4.40655e-008	1.28644
0.636	6.97832e-008	0.00292617
0.637	8.86098e-008	-0.0144314
0.638	9.92513e-008	0.00948332
0.639	9.73724e-008	0.207409
0.64	1.33332e-007	-0.00410487
0.641	1.5695e-007	-0.0922883
0.642	1.65758e-007	-0.0697041
0.643	1.48138e-007	0.0387377
0.644	1.82395e-007	-0.137841
0.645	1.84379e-007	-0.170677
0.646	1.73111e-007	-0.217374
0.647	1.53899e-007	-0.279339
0.648	9.21497e-008	-0.205437
0.649	8.80341e-008	-0.642419
0.65	5.44371e-008	-1.56915
0.651	9.02923e-008	-2.46189
0.652	1.87299e-007	-2.98027
0.653	2.83595e-007	-2.9167
0.654	4.04623e-007	-2.97986
0.655	5.40879e-007	-3.03579
0.656	6.98239e-007	-3.07398
0.657	8.8572e-007	3.13333
0.658	1.03064e-006	-3.13968
0.659	1.17814e-006	3.13777
0.66	1.3592e-006	3.10369
0.661	1.47537e-006	3.09642
0.662	1.59308e-006	3.07534
0.663	1.68344e-006	3.04934
0.664	1.72238e-006	3.02392
0.665	1.68586e-006	2.99353
0.666	1.56467e-006	2.95669
0.667	1.34103e-006	2.89273
0.668	1.19689e-006	2.78762
0.669	7.36018e-007	2.54051
0.67	5.26773e-007	1.9283
0.671	7.92704e-007	0.623657
0.672	1.46522e-006	0.332769
0.673	2.31654e-006	0.211506
0.674	3.32092e-006	0.139376
0.675	4.47201e-006	0.0914329
0.676	5.7319e-006	0.0545631
0.677	7.07066e-006	0.0264181
0.678	8.39806e-006	0.00390082
0.679	9.57898e-006	-0.00958245
0.68	1.07829e-005	-0.0311096
0.681	1.17865e-005	-0.0450854
0.682	1.25931e-005	-0.0588792
0.683	1.29327e-005	-0.0839492
0.684	1.30128e-005	-0.105495
0.685	1.25909e-005	-0.132161
0.686	1.15511e-005	-0.169293
0.687	1.05327e-005	-0.205492
0.688	8.15747e-006	-0.302193
0.689	5.04271e-006	-0.550254
0.69	2.90944e-006	-1.23977
0.691	5.31139e-006	-2.58085
0.692	1.00392e-005	-2.85861
0.693	1.58924e-005	-2.9732
0.694	2.40212e-005	-3.04341
0.695	3.1485e-005	-3.0791
0.696	3.94846e-005	-3.10534
0.697	4.77537e-005	-3.12634
0.698	5.5961e-005	3.13902
0.699	6.32045e-005	3.12669
0.7	7.02981e-005	3.11183
0.701	7.63744e-005	3.0999
0.702	8.0298e-005	3.08524
0.703	8.31517e-005	3.07199
0.704	8.13084e-005	3.05282
0.705	7.84776e-005	3.03402
0.706	7.22822e-005	3.00879
0.707	6.2167e-005	2.97059
0.708	4.77163e-005	2.90111
0.709	2.90041e-005	2.72092
0.71	1.20224e-005	1.68637
0.711	2.40999e-005	0.518987
0.712	5.70611e-005	0.196003
0.713	9.61584e-005	0.100973
0.714	0.000130963	0.0633342
0.715	0.00016902	0.0381203
0.716	0.000217136	0.0145594
0.717	0.00025816	0.000811288
0.718	0.000298714	-0.0106578
0.719	0.000336941	-0.0206672
0.72	0.000370623	-0.0297459
0.721	0.000397171	-0.0383385
0.722	0.000413726	-0.0468449
0.723	0.000417205	-0.055733
0.724	0.000417687	-0.0625426
0.725	0.000390216	-0.0741361
0.726	0.000362201	-0.0845425
0.727	0.000293478	-0.106928
0.728	0.000228421	-0.13614
0.729	0.000144715	-0.205341
0.73	2.5696e-005	-1.52537
0.731	0.000127912	-2.97477
0.732	0.000272539	-3.08507
0.733	0.000434725	-3.1227
0.734	0.000610313	3.14136
0.735	0.000757324	3.13165
0.736	0.000947307	3.12336
0.737	0.00113284	3.11769
0.738	0.00128394	3.11437
0.739	0.00144059	3.11166
0.74	0.00156126	3.11035
0.741	0.00164868	3.1098
0.742	0.00170238	3.11039
0.743	0.00171447	3.11205
0.744	0.00167612	3.11509
0.745	0.00157882	3.12009
0.746	0.00141487	3.12827
0.747	0.00117806	-3.14077
0.748	0.000864539	-3.11226
0.749	0.00047469	-3.02811
0.75	0.000162159	-2.62093
0.751	0.000407617	-0.284172
0.752	0.000997242	-0.148801
0.753	0.00149077	-0.119209
0.754	0.002165	-0.0947926
0.755	0.00271311	-0.0836281
0.756	0.00326744	-0.0740434
0.757	0.00380993	-0.0650319
0.758	0.00439286	-0.0525243
0.759	0.00481474	-0.0428781
0.76	0.00514719	-0.0319759
0.761	0.00536254	-0.0192018
0.762	0.0055112	-0.00810253
0.763	0.00545905	0.010545
0.764	0.00521472	0.0349143
0.765	0.00475926	0.0687608
0.766	0.00434604	0.105736
0.767	0.00349451	0.182411
0.768	0.00277678	0.288171
0.769	0.00166075	0.624811
0.77	0.00115016	1.36826
0.771	0.00163318	2.24807
0.772	0.00277745	2.61299
0.773	0.00453795	2.80885
0.774	0.00599397	2.88383
0.775	0.00745811	2.93633
0.776	0.00887093	2.97778
0.777	0.00991792	3.00193
0.778	0.0111123	3.03688
0.779	0.0120753	3.0714
0.78	0.0127408	3.1077
0.781	0.0131333	3.13664
0.782	0.0131433	-3.10069
0.783	0.0129932	-3.05971
0.784	0.0122112	-2.99143
0.785	0.0114446	-2.92315
0.786	0.00989998	-2.79849
0.787	0.00865101	-2.65622
0.788	0.00737228	-2.44408
0.789	0.00634923	-2.12502
0.79	0.00604033	-1.69741
0.791	0.00678742	-1.26671
0.792	0.00843216	-0.939853
0.793	0.0105781	-0.716374
0.794	0.0129088	-0.558866
0.795	0.0152063	-0.438971
0.796	0.0168492	-0.371055
0.797	0.0187306	-0.278214
0.798	0.0202021	-0.190098
0.799	0.0210561	-0.126972
0.8	0.0216155	-0.0585954
0.801	0.0217833	0.0463221
0.802	0.0216386	0.135558
0.803	0.0209595	0.275187
0.804	0.0203421	0.402451
0.805	0.0196983	0.552078
0.806	0.0191805	0.724766
0.807	0.0189454	0.916969
0.808	0.0191095	1.11996
0.809	0.0197003	1.32189
0.81	0.0206354	1.51236
0.811	0.0217442	1.68598
0.812	0.0228126	1.84287
0.813	0.0237006	1.93858
0.814	0.0241642	2.0765
0.815	0.0240721	2.21439
0.816	0.0237056	2.30876
0.817	0.0224745	2.47305
0.818	0.0212157	2.60579
0.819	0.0197425	2.77271
0.82	0.0182695	3.08057
0.821	0.0178109	-2.92652
0.822	0.0185746	-2.62698
0.823	0.0207819	-2.34925
0.824	0.0255051	-2.07753
0.825	0.0298229	-1.92321
0.826	0.0344032	-1.81015
0.827	0.0388549	-1.72797
0.828	0.042822	-1.66883
0.829	0.0455604	-1.63622
0.83	0.048003	-1.60687
0.831	0.0491273	-1.59043
0.832	0.0487114	-1.58607
0.833	0.0478071	-1.59539
0.834	0.0443818	-1.61656
0.835	0.0411768	-1.65251
0.836	0.0347126	-1.71973
0.837	0.0294641	-1.81654
0.838	0.0211051	-2.03535
0.839	0.016055	-2.38732
0.84	0.0140645	-2.97156
0.841	0.0185742	2.56576
0.842	0.0259127	2.28435
0.843	0.0340656	2.11915
0.844	0.0422095	2.00664
0.845	0.0498495	1.91906
0.846	0.056616	1.8431
0.847	0.062211	1.77138
0.848	0.0664028	1.69908
0.849	0.0690349	1.62237
0.85	0.069979	1.56596
0.851	0.0698491	1.47165
0.852	0.0682562	1.36253
0.853	0.0654867	1.23376
0.854	0.0631241	1.12355
0.855	0.0595047	0.947807
0.856	0.0572876	0.798188
0.857	0.0547589	0.57249
0.858	0.0540487	0.3944
0.859	0.0541216	0.214918
0.86	0.0547844	-0.0225566
0.861	0.0559534	-0.183737
0.862	0.0570178	-0.333098
0.863	0.0576326	-0.472267
0.864	0.0575146	-0.604428
0.865	0.056472	-0.733775
0.866	0.0544247	-0.865363
0.867	0.0514217	-1.00527
0.868	0.0476589	-1.16091
0.869	0.0434974	-1.34103
0.87	0.0394706	-1.55436
0.871	0.0362387	-1.80471
0.872	0.0344108	-2.08238
0.873	0.0330539	-2.29137
0.874	0.0339489	-2.55609
0.875	0.0356081	-2.77402
0.876	0.0358938	-2.91363
0.877	0.0368626	-3.04413
0.878	0.0358552	-3.12144
0.879	0.0342954	3.11193
0.88	0.0310998	3.1056
0.881	0.0270711	-3.13366
0.882	0.0224729	-2.96978
0.883	0.0190464	-2.68952
0.884	0.0185944	-2.28368
0.885	0.0221913	-1.91808
0.886	0.0286581	-1.69823
0.887	0.0375135	-1.59278
0.888	0.0451726	-1.56008
0.889	0.0521887	-1.56661
0.89	0.0580779	-1.60111
0.891	0.062898	-1.63863
0.892	0.0661653	-1.71407
0.893	0.0677187	-1.81238
0.894	0.0676979	-1.93692
0.895	0.0664962	-2.09254
0.896	0.0668074	-2.22771
0.897	0.0653215	-2.44481
0.898	0.0650156	-2.69422
0.899	0.0674664	-2.88148
0.9	0.0708002	3.13668
0.901	0.0757429	2.96179
0.902	0.0820439	2.7289
0.903	0.0878778	2.58361
0.904	0.0943737	2.38804
0.905	0.0989296	2.26253
0.906	0.102339	2.13989
0.907	0.104431	2.0172
0.908	0.105457	1.83832
0.909	0.104664	1.70649
0.91	0.102796	1.56618
0.911	0.100165	1.41571
0.912	0.0971453	1.25443
0.913	0.0941148	1.08325
0.914	0.0913668	0.90502
0.915	0.0890234	0.724378
0.916	0.0869784	0.546932
0.917	0.0849031	0.377988
0.918	0.082315	0.221548
0.919	0.0783053	0.122929
0.92	0.0735192	-0.0057919
0.921	0.0669483	-0.116089
0.922	0.0584206	-0.204807
0.923	0.0490971	-0.233115
0.924	0.0375483	-0.242599
0.925	0.0269162	-0.119318
0.926	0.0172468	0.297842
0.927	0.0176903	1.03089
0.928	0.0273808	1.45358
0.929	0.0392916	1.55504
0.93	0.0513131	1.55492
0.931	0.062313	1.48269
0.932	0.0720989	1.39801
0.933	0.0806079	1.29094
0.934	0.0860741	1.1186
0.935	0.0921401	0.964838
0.936	0.0978456	0.793068
0.937	0.103782	0.606215
0.938	0.110531	0.409116
0.939	0.118519	0.207953
0.94	0.12789	0.00886058
0.941	0.138459	-0.183566
0.942	0.149758	-0.36703
0.943	0.161136	-0.541412
0.944	0.171877	-0.708138
0.945	0.180191	-0.810108
0.946	0.187957	-0.970422
0.947	0.193559	-1.13006
0.948	0.196791	-1.29166
0.949	0.197522	-1.40017
0.95	0.196487	-1.57157
0.951	0.193675	-1.75013
0.952	0.18955	-1.87612
0.953	0.184499	-2.06828
0.954	0.178525	-2.20474
0.955	0.172322	-2.40454
0.956	0.164826	-2.54458
0.957	0.156995	-2.74042
0.958	0.14694	-2.87433
0.959	0.135003	-3.00298
0.96	0.120812	-3.12414
0.961	0.10376	3.0027
0.962	0.0838635	2.91334
0.963	0.0613103	2.86184
0.964	0.0368909	2.92719
0.965	0.0169528	-2.63368
0.966	0.0324718	-1.49188
0.967	0.0625498	-1.35542
0.968	0.0949969	-1.3941
0.969	0.12811	-1.48395
0.97	0.161119	-1.59835
0.971	0.193548	-1.72893
0.972	0.226336	-1.82019
0.973	0.257747	-1.97233
0.974	0.288526	-2.13488
0.975	0.319151	-2.30683
0.976	0.350279	-2.48674
0.977	0.384446	-2.60849
0.978	0.418041	-2.7974
0.979	0.453663	-2.98888
0.98	0.491526	-3.11556
0.981	0.530517	2.97565
0.982	0.570954	2.78488
0.983	0.610738	2.65896
0.984	0.651418	2.47013
0.985	0.689707	2.34396
0.986	0.727738	2.15532
0.987	0.762449	2.02708
0.988	0.794975	1.89702
0.989	0.825495	1.70374
0.99	0.852958	1.56908
0.991	0.878011	1.43187
0.992	0.900397	1.2303
0.993	0.920765	1.0877
0.994	0.93898	0.942694
0.995	0.955052	0.795463
0.996	0.968936	0.646193
0.997	0.980525	0.495053
0.998	0.989661	0.342173
0.999	0.996158	0.187625
1	0.999835	0.0314163
1.001	1.00054	-0.126501
1.002	0.998189	-0.286214
1.003	0.99276	-0.447825
1.004	0.984314	-0.61142
1.005	0.972967	-0.777042
1.006	0.958867	-0.944674
1.007	0.942149	-1.11423
1.008	0.922909	-1.28555
1.009	0.901116	-1.39526
1.01	0.876895	-1.56968
1.011	0.85009	-1.74545
1.012	0.820812	-1.8594
1.013	0.788727	-2.03794
1.014	0.753898	-2.21819
1.015	0.717177	-2.33687
1.016	0.677548	-2.52157
1.017	0.636832	-2.64485
1.018	0.59398	-2.83606
1.019	0.550958	-2.96565
1.02	0.507352	3.11801
1.021	0.464183	2.98093
1.022	0.421472	2.84033
1.023	0.380733	2.62951
1.024	0.340122	2.48335
1.025	0.300495	2.33566
1.026	0.263483	2.12503
1.027	0.225326	1.98048
1.028	0.187531	1.83951
1.029	0.149926	1.70489
1.03	0.112439	1.58183
1.031	0.0747972	1.44501
1.032	0.038033	1.4602
1.033	0.0116784	2.64381
1.034	0.0382136	-2.5777
1.035	0.071165	-2.56876
1.036	0.102223	-2.65556
1.037	0.130411	-2.76949
1.038	0.155193	-2.89665
1.039	0.176251	-3.03304
1.04	0.193418	-3.11901
1.041	0.207342	3.01324
1.042	0.217785	2.85483
1.043	0.225196	2.68905
1.044	0.230108	2.5165
1.045	0.233595	2.40385
1.046	0.234766	2.22259
1.047	0.234533	2.03901
1.048	0.232903	1.85522
1.049	0.229591	1.73818
1.05	0.224392	1.55778
1.051	0.217026	1.44398
1.052	0.207126	1.26865
1.053	0.195077	1.15812
1.054	0.179876	0.984818
1.055	0.163274	0.87425
1.056	0.143563	0.694748
1.057	0.123711	0.576662
1.058	0.101865	0.375093
1.059	0.081103	0.232999
1.06	0.0605455	-0.0260106
1.061	0.04171	-0.246671
1.062	0.0247622	-0.588921
1.063	0.0124941	-1.39531
1.064	0.0147636	-2.65879
1.065	0.024734	2.96198
1.066	0.0362323	2.59718
1.067	0.047901	2.31868
1.068	0.0584414	1.98937
1.069	0.0711136	1.76735
1.07	0.0840758	1.5658
1.071	0.0970159	1.38078
1.072	0.109478	1.20911
1.073	0.120927	1.04781
1.074	0.130825	0.893954
1.075	0.138696	0.744701
1.076	0.144191	0.5973
1.077	0.147132	0.449111
1.078	0.147535	0.297636
1.079	0.145622	0.140615
1.08	0.141792	-0.0237804
1.081	0.136488	-0.126452
1.082	0.130216	-0.306555
1.083	0.123509	-0.494172
1.084	0.116717	-0.686298
1.085	0.109927	-0.87836
1.086	0.101808	-1.0008
1.087	0.0942842	-1.1821
1.088	0.085797	-1.34908
1.089	0.0753722	-1.44901
1.09	0.0641671	-1.57973
1.091	0.0512076	-1.6764
1.092	0.0375304	-1.6868
1.093	0.0231172	-1.57499
1.094	0.0132535	-0.955896
1.095	0.0191025	-0.0152446
1.096	0.0320927	0.232351
1.097	0.0471834	0.228671
1.098	0.060031	0.195388
1.099	0.0721161	0.0848503
1.1	0.0816574	0.000430847
1.101	0.089138	-0.15127
1.102	0.0949218	-0.265062
1.103	0.0992045	-0.389995
1.104	0.101355	-0.590235
1.105	0.103521	-0.737106
1.106	0.105091	-0.889837
1.107	0.106216	-1.04552
1.108	0.106755	-1.27226
1.109	0.107018	-1.42347
1.11	0.106358	-1.56907
1.111	0.104449	-1.70826
1.112	0.100987	-1.84114
1.113	0.0957491	-1.96856
1.114	0.0877937	-2.15727
1.115	0.0786044	-2.28089
1.116	0.0678667	-2.40738
1.117	0.0559746	-2.54173
1.118	0.0434446	-2.69251
1.119	0.0308964	-2.87791
1.12	0.0190915	3.13317
1.121	0.00947238	2.54812
1.122	0.00766928	1.18204
1.123	0.0134641	0.357485
1.124	0.020228	0.0354603
1.125	0.0256894	-0.237349
1.126	0.0302614	-0.515176
1.127	0.0347157	-0.806465
1.128	0.0398586	-1.10092
1.129	0.0468618	-1.28036
1.13	0.0536686	-1.53739
1.131	0.0612629	-1.76861
1.132	0.0690042	-1.9746
1.133	0.0753529	-2.08192
1.134	0.0812481	-2.25863
1.135	0.0854715	-2.42607
1.136	0.0872889	-2.52021
1.137	0.0875748	-2.68667
1.138	0.0858585	-2.78766
1.139	0.0825556	-2.96903
1.14	0.0780582	3.1183
1.141	0.0728744	2.98549
1.142	0.0677115	2.75858
1.143	0.0622953	2.60077
1.144	0.0581328	2.35712
1.145	0.0532285	2.19212
1.146	0.0482931	2.03062
1.147	0.0442792	1.82959
1.148	0.0382833	1.7034
1.149	0.0318729	1.58116
1.15	0.023755	1.53715
1.151	0.015005	1.60665
1.152	0.00831184	2.31462
1.153	0.0121697	-2.9797
1.154	0.0218982	-2.72721
1.155	0.0323833	-2.69549
1.156	0.0439809	-2.7837
1.157	0.0528983	-2.84404
1.158	0.0604588	-2.9221
1.159	0.0664415	-3.01391
1.16	0.0707623	-3.11836
1.161	0.0732777	2.98775
1.162	0.0744111	2.85348
1.163	0.074561	2.70565
1.164	0.0740991	2.54562
1.165	0.0733587	2.37648
1.166	0.0725471	2.20297
1.167	0.0716819	2.03075
1.168	0.070582	1.86524
1.169	0.0689191	1.71054
1.17	0.0663088	1.56906
1.171	0.0624064	1.44182
1.172	0.0569827	1.32923
1.173	0.0499718	1.23221
1.174	0.0414938	1.15394
1.175	0.0318638	1.10433
1.176	0.0232691	1.17057
1.177	0.0136019	1.36576
1.178	0.00841229	2.19195
1.179	0.0134079	2.95234
1.18	0.0212338	3.10837
1.181	0.0285367	3.09787
1.182	0.0344978	3.02245
1.183	0.0388361	2.90019
1.184	0.0417273	2.7396
1.185	0.0451129	2.60886
1.186	0.0466602	2.39529
1.187	0.0483633	2.15843
1.188	0.0514436	2.00211
1.189	0.0540863	1.76236
1.19	0.057249	1.62249
1.191	0.0600538	1.41038
1.192	0.0622516	1.21637
1.193	0.0631595	1.11256
1.194	0.0626156	0.940591
1.195	0.0605786	0.846752
1.196	0.0565322	0.676687
1.197	0.0515533	0.577104
1.198	0.0447762	0.379464
1.199	0.0379874	0.247084
1.2	0.0308993	0.0861387
1.201	0.0243324	-0.256628
1.202	0.0187828	-0.558672
1.203	0.0163765	-1.05786
1.204	0.014162	-1.48031
1.205	0.0129502	-1.91427
1.206	0.012104	-2.27054
1.207	0.010435	-2.74749
1.208	0.00973879	2.91631
1.209	0.0101938	2.07518
1.21	0.0155926	1.5964
1.211	0.0224208	1.31372
1.212	0.0297581	1.11873
1.213	0.0370129	0.966287
1.214	0.0448919	0.753157
1.215	0.050485	0.64174
1.216	0.0547101	0.532417
1.217	0.0573939	0.421056
1.218	0.0584906	0.30399
1.219	0.0580932	0.177652
1.22	0.0564336	0.0385346
1.221	0.0538658	-0.116486
1.222	0.0510456	-0.372791
1.223	0.0482399	-0.563653
1.224	0.0457596	-0.762723
1.225	0.0436325	-0.960008
1.226	0.0416326	-1.14471
1.227	0.0393631	-1.30801
1.228	0.0363947	-1.44368
1.229	0.0319801	-1.51689
1.23	0.0271816	-1.5893
1.231	0.0213128	-1.59506
1.232	0.0149557	-1.45843
1.233	0.0102886	-0.960962
1.234	0.0120585	-0.219293
1.235	0.018908	0.106777
1.236	0.0268397	0.187976
1.237	0.0332084	0.217714
1.238	0.0399332	0.16512
1.239	0.0452182	0.0841231
1.24	0.0488843	-0.0198283
1.241	0.0512043	-0.0896379
1.242	0.0522178	-0.232693
1.243	0.0521929	-0.39852
1.244	0.0516397	-0.586062
1.245	0.0513866	-0.712673
1.246	0.0508631	-0.922909
1.247	0.0506519	-1.13209
1.248	0.0503149	-1.25623
1.249	0.0498176	-1.43997
1.25	0.048469	-1.53917
1.251	0.0461908	-1.68402
1.252	0.0423991	-1.80664
1.253	0.0378359	-1.85436
1.254	0.0312448	-1.92922
1.255	0.0248526	-1.91324
1.256	0.0167154	-1.85594
1.257	0.0109332	-1.52509
1.258	0.00857726	-0.689544
1.259	0.0131325	-0.198412
1.26	0.0191043	-0.0355648
1.261	0.0245021	-0.0384238
1.262	0.0284706	-0.110563
1.263	0.0317622	-0.204893
1.264	0.0341816	-0.322416
1.265	0.034568	-0.525078
1.266	0.0359331	-0.695185
1.267	0.0362512	-0.968913
1.268	0.0381726	-1.16058
1.269	0.0403563	-1.34344
1.27	0.0426008	-1.51171
1.271	0.0446624	-1.75033
1.272	0.0460465	-1.88038
1.273	0.0464105	-1.99744
1.274	0.045236	-2.18158
1.275	0.0427798	-2.28298
1.276	0.0389949	-2.384
1.277	0.0340332	-2.48952
1.278	0.0281512	-2.60699
1.279	0.0210031	-2.88282
1.28	0.0148715	-3.12828
1.281	0.00974661	2.73151
1.282	0.00724479	1.99209
1.283	0.00822726	1.25033
1.284	0.010393	0.794605
1.285	0.0120423	0.473502
1.286	0.0127905	0.173292
1.287	0.0129169	-0.16832
1.288	0.0115322	-0.696055
1.289	0.0137029	-1.19691
1.29	0.0178202	-1.58656
1.291	0.023111	-1.86258
1.292	0.0287536	-2.06534
1.293	0.0340863	-2.22609
1.294	0.0385929	-2.36385
1.295	0.0412004	-2.40951
1.296	0.043297	-2.53628
1.297	0.0438843	-2.66407
1.298	0.0430015	-2.79971
1.299	0.040865	-2.95023
1.3	0.0378614	-3.12302
1.301	0.0345138	2.95857
1.302	0.031397	2.72606
1.303	0.0289703	2.47065
1.304	0.0261474	2.30029
1.305	0.0249367	2.04319
1.306	0.0238884	1.8237
1.307	0.0223352	1.65275
1.308	0.0197707	1.53557
1.309	0.015769	1.45699
1.31	0.0111999	1.48896
1.311	0.00641524	1.86923
1.312	0.00648656	2.96696
1.313	0.0108712	-2.81345
1.314	0.0182645	-2.74025
1.315	0.025457	-2.7653
1.316	0.0305352	-2.76845
1.317	0.0359359	-2.85376
1.318	0.0398217	-2.95515
1.319	0.0417911	-3.01343
1.32	0.0428536	3.13382
1.321	0.0427445	3.04524
1.322	0.0417658	2.86652
1.323	0.0403911	2.66207
1.324	0.039055	2.52188
1.325	0.0380854	2.2892
1.326	0.0370635	2.14079
1.327	0.0366838	1.92758
1.328	0.0355002	1.80554
1.329	0.0342723	1.64899
1.33	0.0318012	1.57264
1.331	0.0283623	1.48892
1.332	0.024133	1.48183
1.333	0.0186894	1.5315
1.334	0.014038	1.72964
1.335	0.0109513	2.2364
1.336	0.0125025	2.75353
1.337	0.0167992	3.0424
1.338	0.0226073	-3.1343
1.339	0.0272943	-3.11633
1.34	0.0312459	-3.14131
1.341	0.034081	3.04686
1.342	0.0358863	2.96131
1.343	0.0368556	2.85424
1.344	0.0363685	2.65691
1.345	0.0364003	2.5013
1.346	0.0364367	2.33228
1.347	0.0363371	2.06865
1.348	0.0369535	1.8993
1.349	0.0375229	1.74401
1.35	0.037756	1.60657
1.351	0.0372427	1.41836
1.352	0.035732	1.32358
1.353	0.0331191	1.24628
1.354	0.0293916	1.1878
1.355	0.0246582	1.15349
1.356	0.017716	1.09471
1.357	0.0117574	1.19254
1.358	0.00665101	1.60315
1.359	0.0061107	2.58715
1.36	0.0102421	3.05525
1.361	0.0148383	-3.12913
1.362	0.0187124	3.13688
1.363	0.0215627	3.06375
1.364	0.0233667	2.94986
1.365	0.0243033	2.79768
1.366	0.0232737	2.52924
1.367	0.0238564	2.28204
1.368	0.0250635	2.02125
1.369	0.02701	1.7715
1.37	0.0294492	1.54995
1.371	0.0319135	1.36102
1.372	0.0338955	1.20055
1.373	0.034965	1.06125
1.374	0.03498	1.01991
1.375	0.0337272	0.900916
1.376	0.0311178	0.7847
1.377	0.0272706	0.66282
1.378	0.0224586	0.522569
1.379	0.0171114	0.339652
1.38	0.0118685	0.05736
1.381	0.00783782	-0.458041
1.382	0.00677608	-1.24752
1.383	0.00831012	-1.85064
1.384	0.00937783	-2.28869
1.385	0.0107246	-2.53861
1.386	0.010706	-2.78124
1.387	0.00955444	-3.09904
1.388	0.0082424	2.68186
1.389	0.00993097	2.21815
1.39	0.0122261	1.67511
1.391	0.0164689	1.29654
1.392	0.0214618	1.04654
1.393	0.0253466	0.972598
1.394	0.0294271	0.808906
1.395	0.032405	0.666205
1.396	0.0339831	0.529884
1.397	0.0339195	0.473245
1.398	0.0328509	0.321393
1.399	0.0306609	0.147006
1.4	0.0278809	0.044445
1.401	0.0248364	-0.198191
1.402	0.021781	-0.36533
1.403	0.0199042	-0.690094
1.404	0.0192053	-1.01117
1.405	0.0177717	-1.22443
1.406	0.0176872	-1.4568
1.407	0.0168055	-1.61352
1.408	0.0142852	-1.72678
1.409	0.0112032	-1.74495
1.41	0.00718817	-1.7206
1.411	0.00377493	-0.916413
1.412	0.00535203	0.204126
1.413	0.0117515	0.403459
1.414	0.0167327	0.475855
1.415	0.0229067	0.410206
1.416	0.0268978	0.391405
1.417	0.0309743	0.288791
1.418	0.0329628	0.236166
1.419	0.0342351	0.100596
1.42	0.0340941	0.0146399
1.421	0.0331299	-0.169723
1.422	0.0316995	-0.299487
1.423	0.0300698	-0.449403
1.424	0.0288938	-0.71234
1.425	0.0277979	-0.888274
1.426	0.0277362	-1.13796
1.427	0.0269658	-1.28388
1.428	0.0259055	-1.40763
1.429	0.0247475	-1.53953
1.43	0.0222606	-1.59269
1.431	0.0190709	-1.60415
1.432	0.0150224	-1.52439
1.433	0.011416	-1.29666
1.434	0.00949618	-0.837417
1.435	0.0118283	-0.278605
1.436	0.0157577	-0.0318889
1.437	0.0201635	0.0690514
1.438	0.0242733	0.0945686
1.439	0.0281363	0.0379763
1.44	0.0303709	-0.0160832
1.441	0.0316639	-0.0943169
1.442	0.0321034	-0.195732
1.443	0.0318827	-0.320613
1.444	0.0308029	-0.550593
1.445	0.0302747	-0.725789
1.446	0.0299757	-0.910204
1.447	0.0299471	-1.09207
1.448	0.0300478	-1.26024
1.449	0.0302339	-1.47849
1.45	0.0296031	-1.59149
1.451	0.028165	-1.67875
1.452	0.0257948	-1.73836
1.453	0.0225045	-1.76413
1.454	0.0184723	-1.7397
1.455	0.0141231	-1.62385
1.456	0.0104029	-1.323
1.457	0.00918887	-0.781265
1.458	0.0114059	-0.316209
1.459	0.0152169	-0.102002
1.46	0.0191466	-0.0314782
1.461	0.0220463	-0.054983
1.462	0.023983	-0.123128
1.463	0.024974	-0.228816
1.464	0.0252168	-0.371166
1.465	0.0250593	-0.550104
1.466	0.0249293	-0.761097
1.467	0.0251954	-0.990971
1.468	0.0259984	-1.21971
1.469	0.0273011	-1.32656
1.47	0.0283451	-1.51528
1.471	0.0290873	-1.67514
1.472	0.0291163	-1.80805
1.473	0.028128	-1.91802
1.474	0.025964	-2.00874
1.475	0.0226209	-2.08214
1.476	0.018243	-2.13657
1.477	0.0131087	-2.16091
1.478	0.00763785	-2.10338
1.479	0.00283007	-1.52961
1.48	0.00442353	-0.302477
1.481	0.00828712	0.0933833
1.482	0.011837	0.139597
1.483	0.014311	0.0873955
1.484	0.0155614	-0.0229771
1.485	0.0170569	-0.164481
1.486	0.0167912	-0.366978
1.487	0.0163246	-0.641065
1.488	0.0164521	-0.974855
1.489	0.0177352	-1.31866
1.49	0.0201571	-1.47784
1.491	0.022598	-1.73289
1.492	0.0249975	-1.93707
1.493	0.0267372	-2.10411
1.494	0.0273662	-2.15474
1.495	0.0269342	-2.29089
1.496	0.0251536	-2.42466
1.497	0.0227901	-2.46407
1.498	0.0189209	-2.62102
1.499	0.0144811	-2.83328
