30.001	0.99998
30.011	0.998402
30.021	0.992883
30.031	0.983445
30.041	0.970127
30.051	0.952979
30.061	0.932071
30.071	0.907484
30.081	0.879316
30.091	0.847678
30.101	0.812694
30.111	0.774503
30.121	0.733255
30.131	0.689114
30.141	0.642253
30.151	0.592857
30.161	0.541121
30.171	0.48725
30.181	0.431456
30.191	0.373959
30.201	0.314987
30.211	0.254771
30.221	0.193549
30.231	0.131564
30.241	0.06906
30.251	0.00628314
30.261	-0.0565185
30.271	-0.119097
30.281	-0.181206
30.291	-0.242599
30.301	-0.303035
30.311	-0.362275
30.321	-0.420086
30.331	-0.476238
30.341	-0.530511
30.351	-0.58269
30.361	-0.63257
30.371	-0.679953
30.381	-0.724653
30.391	-0.766493
30.401	-0.805308
30.411	-0.840945
30.421	-0.873262
30.431	-0.902134
30.441	-0.927445
30.451	-0.949096
30.461	-0.967001
30.471	-0.981091
30.481	-0.991308
30.491	-0.997613
30.501	-0.99998
30.511	-0.998402
30.521	-0.992883
30.531	-0.983445
30.541	-0.970127
30.551	-0.952979
30.561	-0.932071
30.571	-0.907484
30.581	-0.879316
30.591	-0.847678
30.601	-0.812694
30.611	-0.774503
30.621	-0.733255
30.631	-0.689114
30.641	-0.642253
30.651	-0.592857
30.661	-0.541121
30.671	-0.48725
30.681	-0.431456
30.691	-0.373959
30.701	-0.314987
30.711	-0.254771
30.721	-0.193549
30.731	-0.131564
30.741	-0.06906
30.751	-0.00628314
30.761	0.0565185
30.771	0.119097
30.781	0.181206
30.791	0.242599
30.801	0.303035
30.811	0.362275
30.821	0.420086
30.831	0.476238
30.841	0.530511
30.851	0.58269
30.861	0.63257
30.871	0.679953
30.881	0.724653
30.891	0.766493
30.901	0.805308
30.911	0.840945
30.921	0.873262
30.931	0.902134
30.941	0.927445
30.951	0.949096
30.961	0.967001
30.971	0.981091
30.981	0.991308
30.991	0.997613
31.001	0.99998
31.011	0.998402
31.021	0.992883
31.031	0.983445
31.041	0.970127
31.051	0.952979
31.061	0.932071
31.071	0.907484
31.081	0.879316
31.091	0.847678
31.101	0.812694
31.111	0.774503
31.121	0.733255
31.131	0.689114
31.141	0.642253
31.151	0.592857
31.161	0.541121
31.171	0.48725
31.181	0.431456
31.191	0.373959
31.201	0.314987
31.211	0.254771
31.221	0.193549
31.231	0.131564
31.241	0.06906
31.251	0.00628314
31.261	-0.0565185
31.271	-0.119097
31.281	-0.181206
31.291	-0.242599
31.301	-0.303035
31.311	-0.362275
31.321	-0.420086
31.331	-0.476238
31.341	-0.530511
31.351	-0.58269
31.361	-0.63257
31.371	-0.679953
31.381	-0.724653
31.391	-0.766493
31.401	-0.805308
31.411	-0.840945
31.421	-0.873262
31.431	-0.902134
31.441	-0.927445
31.451	-0.949096
31.461	-0.967001
31.471	-0.981091
31.481	-0.991308
31.491	-0.997613
31.501	-0.99998
31.511	-0.998402
31.521	-0.992883
31.531	-0.983445
31.541	-0.970127
31.551	-0.952979
31.561	-0.932071
31.571	-0.907484
31.581	-0.879316
31.591	-0.847678
31.601	-0.812694
31.611	-0.774503
31.621	-0.733255
31.631	-0.689114
31.641	-0.642253
31.651	-0.592857
31.661	-0.541121
31.671	-0.48725
31.681	-0.431456
31.691	-0.373959
31.701	-0.314987
31.711	-0.254771
31.721	-0.193549
31.731	-0.131564
31.741	-0.06906
31.751	-0.00628314
31.761	0.0565185
31.771	0.119097
31.781	0.181206
31.791	0.242599
31.801	0.303035
31.811	0.362275
31.821	0.420086
31.831	0.476238
31.841	0.530511
31.851	0.58269
31.861	0.63257
31.871	0.679953
31.881	0.724653
31.891	0.766493
31.901	0.805308
31.911	0.840945
31.921	0.873262
31.931	0.902134
31.941	0.927445
31.951	0.949096
31.961	0.967001
31.971	0.981091
31.981	0.991308
31.991	0.997613
32.001	0.99998
32.011	0.998402
32.021	0.992883
32.031	0.983445
32.041	0.970127
32.051	0.952979
32.061	0.932071
32.071	0.907484
32.081	0.879316
32.091	0.847678
32.101	0.812694
32.111	0.774503
32.121	0.733255
32.131	0.689114
32.141	0.642253
32.151	0.592857
32.161	0.541121
32.171	0.48725
32.181	0.431456
32.191	0.373959
32.201	0.314987
32.211	0.254771
32.221	0.193549
32.231	0.131564
32.241	0.06906
32.251	0.00628314
32.261	-0.0565185
32.271	-0.119097
32.281	-0.181206
32.291	-0.242599
32.301	-0.303035
32.311	-0.362275
32.321	-0.420086
32.331	-0.476238
32.341	-0.530511
32.351	-0.58269
32.361	-0.63257
32.371	-0.679953
32.381	-0.724653
32.391	-0.766493
32.401	-0.805308
32.411	-0.840945
32.421	-0.873262
32.431	-0.902134
32.441	-0.927445
32.451	-0.949096
32.461	-0.967001
32.471	-0.981091
32.481	-0.991308
32.491	-0.997613
32.501	-0.99998
32.511	-0.998402
32.521	-0.992883
32.531	-0.983445
32.541	-0.970127
32.551	-0.952979
32.561	-0.932071
32.571	-0.907484
32.581	-0.879316
32.591	-0.847678
32.601	-0.812694
32.611	-0.774503
32.621	-0.733255
32.631	-0.689114
32.641	-0.642253
32.651	-0.592857
32.661	-0.541121
32.671	-0.48725
32.681	-0.431456
32.691	-0.373959
32.701	-0.314987
32.711	-0.254771
32.721	-0.193549
32.731	-0.131564
32.741	-0.06906
32.751	-0.00628314
32.761	0.0565185
32.771	0.119097
32.781	0.181206
32.791	0.242599
32.801	0.303035
32.811	0.362275
32.821	0.420086
32.831	0.476238
32.841	0.530511
32.851	0.58269
32.861	0.63257
32.871	0.679953
32.881	0.724653
32.891	0.766493
32.901	0.805308
32.911	0.840945
32.921	0.873262
32.931	0.902134
32.941	0.927445
32.951	0.949096
32.961	0.967001
32.971	0.981091
32.981	0.991308
32.991	0.997613
33.001	0.99998
33.011	0.998402
33.021	0.992883
33.031	0.983445
33.041	0.970127
33.051	0.952979
33.061	0.932071
33.071	0.907484
33.081	0.879316
33.091	0.847678
33.101	0.812694
33.111	0.774503
33.121	0.733255
33.131	0.689114
33.141	0.642253
33.151	0.592857
33.161	0.541121
33.171	0.48725
33.181	0.431456
33.191	0.373959
33.201	0.314987
33.211	0.254771
33.221	0.193549
33.231	0.131564
33.241	0.06906
33.251	0.00628314
33.261	-0.0565185
33.271	-0.119097
33.281	-0.181206
33.291	-0.242599
33.301	-0.303035
33.311	-0.362275
33.321	-0.420086
33.331	-0.476238
33.341	-0.530511
33.351	-0.58269
33.361	-0.63257
33.371	-0.679953
33.381	-0.724653
33.391	-0.766493
33.401	-0.805308
33.411	-0.840945
33.421	-0.873262
33.431	-0.902134
33.441	-0.927445
33.451	-0.949096
33.461	-0.967001
33.471	-0.981091
33.481	-0.991308
33.491	-0.997613
33.501	-0.99998
33.511	-0.998402
33.521	-0.992883
33.531	-0.983445
33.541	-0.970127
33.551	-0.952979
33.561	-0.932071
33.571	-0.907484
33.581	-0.879316
33.591	-0.847678
33.601	-0.812694
33.611	-0.774503
33.621	-0.733255
33.631	-0.689114
33.641	-0.642253
33.651	-0.592857
33.661	-0.541121
33.671	-0.48725
33.681	-0.431456
33.691	-0.373959
33.701	-0.314987
33.711	-0.254771
33.721	-0.193549
33.731	-0.131564
33.741	-0.06906
33.751	-0.00628314
33.761	0.0565185
33.771	0.119097
33.781	0.181206
33.791	0.242599
33.801	0.303035
33.811	0.362275
33.821	0.420086
33.831	0.476238
33.841	0.530511
33.851	0.58269
33.861	0.63257
33.871	0.679953
33.881	0.724653
33.891	0.766493
33.901	0.805308
33.911	0.840945
33.921	0.873262
33.931	0.902134
33.941	0.927445
33.951	0.949096
33.961	0.967001
33.971	0.981091
33.981	0.991308
33.991	0.997613
34.001	0.99998
34.011	0.998402
34.021	0.992883
34.031	0.983445
34.041	0.970127
34.051	0.952979
34.061	0.932071
34.071	0.907484
34.081	0.879316
34.091	0.847678
34.101	0.812694
34.111	0.774503
34.121	0.733255
34.131	0.689114
34.141	0.642253
34.151	0.592857
34.161	0.541121
34.171	0.48725
34.181	0.431456
34.191	0.373959
34.201	0.314987
34.211	0.254771
34.221	0.193549
34.231	0.131564
34.241	0.06906
34.251	0.00628314
34.261	-0.0565185
34.271	-0.119097
34.281	-0.181206
34.291	-0.242599
34.301	-0.303035
34.311	-0.362275
34.321	-0.420086
34.331	-0.476238
34.341	-0.530511
34.351	-0.58269
34.361	-0.63257
34.371	-0.679953
34.381	-0.724653
34.391	-0.766493
34.401	-0.805308
34.411	-0.840945
34.421	-0.873262
34.431	-0.902134
34.441	-0.927445
34.451	-0.949096
34.461	-0.967001
34.471	-0.981091
34.481	-0.991308
34.491	-0.997613
34.501	-0.99998
34.511	-0.998402
34.521	-0.992883
34.531	-0.983445
34.541	-0.970127
34.551	-0.952979
34.561	-0.932071
34.571	-0.907484
34.581	-0.879316
34.591	-0.847678
34.601	-0.812694
34.611	-0.774503
34.621	-0.733255
34.631	-0.689114
34.641	-0.642253
34.651	-0.592857
34.661	-0.541121
34.671	-0.48725
34.681	-0.431456
34.691	-0.373959
34.701	-0.314987
34.711	-0.254771
34.721	-0.193549
34.731	-0.131564
34.741	-0.06906
34.751	-0.00628314
34.761	0.0565185
34.771	0.119097
34.781	0.181206
34.791	0.242599
34.801	0.303035
34.811	0.362275
34.821	0.420086
34.831	0.476238
34.841	0.530511
34.851	0.58269
34.861	0.63257
34.871	0.679953
34.881	0.724653
34.891	0.766493
34.901	0.805308
34.911	0.840945
34.921	0.873262
34.931	0.902134
34.941	0.927445
34.951	0.949096
34.961	0.967001
34.971	0.981091
34.981	0.991308
34.991	0.997613
35.001	0.99998
35.011	0.998402
35.021	0.992883
35.031	0.983445
35.041	0.970127
35.051	0.952979
35.061	0.932071
35.071	0.907484
35.081	0.879316
35.091	0.847678
35.101	0.812694
35.111	0.774503
35.121	0.733255
35.131	0.689114
35.141	0.642253
35.151	0.592857
35.161	0.541121
35.171	0.48725
35.181	0.431456
35.191	0.373959
35.201	0.314987
35.211	0.254771
35.221	0.193549
35.231	0.131564
35.241	0.06906
35.251	0.00628314
35.261	-0.0565185
35.271	-0.119097
35.281	-0.181206
35.291	-0.242599
35.301	-0.303035
35.311	-0.362275
35.321	-0.420086
35.331	-0.476238
35.341	-0.530511
35.351	-0.58269
35.361	-0.63257
35.371	-0.679953
35.381	-0.724653
35.391	-0.766493
35.401	-0.805308
35.411	-0.840945
35.421	-0.873262
35.431	-0.902134
35.441	-0.927445
35.451	-0.949096
35.461	-0.967001
35.471	-0.981091
35.481	-0.991308
35.491	-0.997613
35.501	-0.99998
35.511	-0.998402
35.521	-0.992883
35.531	-0.983445
35.541	-0.970127
35.551	-0.952979
35.561	-0.932071
35.571	-0.907484
35.581	-0.879316
35.591	-0.847678
35.601	-0.812694
35.611	-0.774503
35.621	-0.733255
35.631	-0.689114
35.641	-0.642253
35.651	-0.592857
35.661	-0.541121
35.671	-0.48725
35.681	-0.431456
35.691	-0.373959
35.701	-0.314987
35.711	-0.254771
35.721	-0.193549
35.731	-0.131564
35.741	-0.06906
35.751	-0.00628314
35.761	0.0565185
35.771	0.119097
35.781	0.181206
35.791	0.242599
35.801	0.303035
35.811	0.362275
35.821	0.420086
35.831	0.476238
35.841	0.530511
35.851	0.58269
35.861	0.63257
35.871	0.679953
35.881	0.724653
35.891	0.766493
35.901	0.805308
35.911	0.840945
35.921	0.873262
35.931	0.902134
35.941	0.927445
35.951	0.949096
35.961	0.967001
35.971	0.981091
35.981	0.991308
35.991	0.997613
36.001	0.99998
36.011	0.998402
36.021	0.992883
36.031	0.983445
36.041	0.970127
36.051	0.952979
36.061	0.932071
36.071	0.907484
36.081	0.879316
36.091	0.847678
36.101	0.812694
36.111	0.774503
36.121	0.733255
36.131	0.689114
36.141	0.642253
36.151	0.592857
36.161	0.541121
36.171	0.48725
36.181	0.431456
36.191	0.373959
36.201	0.314987
36.211	0.254771
36.221	0.193549
36.231	0.131564
36.241	0.06906
36.251	0.00628314
36.261	-0.0565185
36.271	-0.119097
36.281	-0.181206
36.291	-0.242599
36.301	-0.303035
36.311	-0.362275
36.321	-0.420086
36.331	-0.476238
36.341	-0.530511
36.351	-0.58269
36.361	-0.63257
36.371	-0.679953
36.381	-0.724653
36.391	-0.766493
36.401	-0.805308
36.411	-0.840945
36.421	-0.873262
36.431	-0.902134
36.441	-0.927445
36.451	-0.949096
36.461	-0.967001
36.471	-0.981091
36.481	-0.991308
36.491	-0.997613
36.501	-0.99998
36.511	-0.998402
36.521	-0.992883
36.531	-0.983445
36.541	-0.970127
36.551	-0.952979
36.561	-0.932071
36.571	-0.907484
36.581	-0.879316
36.591	-0.847678
36.601	-0.812694
36.611	-0.774503
36.621	-0.733255
36.631	-0.689114
36.641	-0.642253
36.651	-0.592857
36.661	-0.541121
36.671	-0.48725
36.681	-0.431456
36.691	-0.373959
36.701	-0.314987
36.711	-0.254771
36.721	-0.193549
36.731	-0.131564
36.741	-0.06906
36.751	-0.00628314
36.761	0.0565185
36.771	0.119097
36.781	0.181206
36.791	0.242599
36.801	0.303035
36.811	0.362275
36.821	0.420086
36.831	0.476238
36.841	0.530511
36.851	0.58269
36.861	0.63257
36.871	0.679953
36.881	0.724653
36.891	0.766493
36.901	0.805308
36.911	0.840945
36.921	0.873262
36.931	0.902134
36.941	0.927445
36.951	0.949096
36.961	0.967001
36.971	0.981091
36.981	0.991308
36.991	0.997613
37.001	0.99998
37.011	0.998402
37.021	0.992883
37.031	0.983445
37.041	0.970127
37.051	0.952979
37.061	0.932071
37.071	0.907484
37.081	0.879316
37.091	0.847678
37.101	0.812694
37.111	0.774503
37.121	0.733255
37.131	0.689114
37.141	0.642253
37.151	0.592857
37.161	0.541121
37.171	0.48725
37.181	0.431456
37.191	0.373959
37.201	0.314987
37.211	0.254771
37.221	0.193549
37.231	0.131564
37.241	0.06906
37.251	0.00628314
37.261	-0.0565185
37.271	-0.119097
37.281	-0.181206
37.291	-0.242599
37.301	-0.303035
37.311	-0.362275
37.321	-0.420086
37.331	-0.476238
37.341	-0.530511
37.351	-0.58269
37.361	-0.63257
37.371	-0.679953
37.381	-0.724653
37.391	-0.766493
37.401	-0.805308
37.411	-0.840945
37.421	-0.873262
37.431	-0.902134
37.441	-0.927445
37.451	-0.949096
37.461	-0.967001
37.471	-0.981091
37.481	-0.991308
37.491	-0.997613
37.501	-0.99998
37.511	-0.998402
37.521	-0.992883
37.531	-0.983445
37.541	-0.970127
37.551	-0.952979
37.561	-0.932071
37.571	-0.907484
37.581	-0.879316
37.591	-0.847678
37.601	-0.812694
37.611	-0.774503
37.621	-0.733255
37.631	-0.689114
37.641	-0.642253
37.651	-0.592857
37.661	-0.541121
37.671	-0.48725
37.681	-0.431456
37.691	-0.373959
37.701	-0.314987
37.711	-0.254771
37.721	-0.193549
37.731	-0.131564
37.741	-0.06906
37.751	-0.00628314
37.761	0.0565185
37.771	0.119097
37.781	0.181206
37.791	0.242599
37.801	0.303035
37.811	0.362275
37.821	0.420086
37.831	0.476238
37.841	0.530511
37.851	0.58269
37.861	0.63257
37.871	0.679953
37.881	0.724653
37.891	0.766493
37.901	0.805308
37.911	0.840945
37.921	0.873262
37.931	0.902134
37.941	0.927445
37.951	0.949096
37.961	0.967001
37.971	0.981091
37.981	0.991308
37.991	0.997613
38.001	0.99998
38.011	0.998402
38.021	0.992883
38.031	0.983445
38.041	0.970127
38.051	0.952979
38.061	0.932071
38.071	0.907484
38.081	0.879316
38.091	0.847678
38.101	0.812694
38.111	0.774503
38.121	0.733255
38.131	0.689114
38.141	0.642253
38.151	0.592857
38.161	0.541121
38.171	0.48725
38.181	0.431456
38.191	0.373959
38.201	0.314987
38.211	0.254771
38.221	0.193549
38.231	0.131564
38.241	0.06906
38.251	0.00628314
38.261	-0.0565185
38.271	-0.119097
38.281	-0.181206
38.291	-0.242599
38.301	-0.303035
38.311	-0.362275
38.321	-0.420086
38.331	-0.476238
38.341	-0.530511
38.351	-0.58269
38.361	-0.63257
38.371	-0.679953
38.381	-0.724653
38.391	-0.766493
38.401	-0.805308
38.411	-0.840945
38.421	-0.873262
38.431	-0.902134
38.441	-0.927445
38.451	-0.949096
38.461	-0.967001
38.471	-0.981091
38.481	-0.991308
38.491	-0.997613
38.501	-0.99998
38.511	-0.998402
38.521	-0.992883
38.531	-0.983445
38.541	-0.970127
38.551	-0.952979
38.561	-0.932071
38.571	-0.907484
38.581	-0.879316
38.591	-0.847678
38.601	-0.812694
38.611	-0.774503
38.621	-0.733255
38.631	-0.689114
38.641	-0.642253
38.651	-0.592857
38.661	-0.541121
38.671	-0.48725
38.681	-0.431456
38.691	-0.373959
38.701	-0.314987
38.711	-0.254771
38.721	-0.193549
38.731	-0.131564
38.741	-0.06906
38.751	-0.00628314
38.761	0.0565185
38.771	0.119097
38.781	0.181206
38.791	0.242599
38.801	0.303035
38.811	0.362275
38.821	0.420086
38.831	0.476238
38.841	0.530511
38.851	0.58269
38.861	0.63257
38.871	0.679953
38.881	0.724653
38.891	0.766493
38.901	0.805308
38.911	0.840945
38.921	0.873262
38.931	0.902134
38.941	0.927445
38.951	0.949096
38.961	0.967001
38.971	0.981091
38.981	0.991308
38.991	0.997613
39.001	0.99998
39.011	0.998402
39.021	0.992883
39.031	0.983445
39.041	0.970127
39.051	0.952979
39.061	0.932071
39.071	0.907484
39.081	0.879316
39.091	0.847678
39.101	0.812694
39.111	0.774503
39.121	0.733255
39.131	0.689114
39.141	0.642253
39.151	0.592857
39.161	0.541121
39.171	0.48725
39.181	0.431456
39.191	0.373959
39.201	0.314987
39.211	0.254771
39.221	0.193549
39.231	0.131564
39.241	0.06906
39.251	0.00628314
39.261	-0.0565185
39.271	-0.119097
39.281	-0.181206
39.291	-0.242599
39.301	-0.303035
39.311	-0.362275
39.321	-0.420086
39.331	-0.476238
39.341	-0.530511
39.351	-0.58269
39.361	-0.63257
39.371	-0.679953
39.381	-0.724653
39.391	-0.766493
39.401	-0.805308
39.411	-0.840945
39.421	-0.873262
39.431	-0.902134
39.441	-0.927445
39.451	-0.949096
39.461	-0.967001
39.471	-0.981091
39.481	-0.991308
39.491	-0.997613
39.501	-0.99998
39.511	-0.998402
39.521	-0.992883
39.531	-0.983445
39.541	-0.970127
39.551	-0.952979
39.561	-0.932071
39.571	-0.907484
39.581	-0.879316
39.591	-0.847678
39.601	-0.812694
39.611	-0.774503
39.621	-0.733255
39.631	-0.689114
39.641	-0.642253
39.651	-0.592857
39.661	-0.541121
39.671	-0.48725
39.681	-0.431456
39.691	-0.373959
39.701	-0.314987
39.711	-0.254771
39.721	-0.193549
39.731	-0.131564
39.741	-0.06906
39.751	-0.00628314
39.761	0.0565185
39.771	0.119097
39.781	0.181206
39.791	0.242599
39.801	0.303035
39.811	0.362275
39.821	0.420086
39.831	0.476238
39.841	0.530511
39.851	0.58269
39.861	0.63257
39.871	0.679953
39.881	0.724653
39.891	0.766493
39.901	0.805308
39.911	0.840945
39.921	0.873262
39.931	0.902134
39.941	0.927445
39.951	0.949096
39.961	0.967001
39.971	0.981091
39.981	0.991308
39.991	0.997613
40.001	0.99998
40.011	0.998402
40.021	0.992883
40.031	0.983445
40.041	0.970127
40.051	0.952979
40.061	0.932071
40.071	0.907484
40.081	0.879316
40.091	0.847678
40.101	0.812694
40.111	0.774503
40.121	0.733255
40.131	0.689114
40.141	0.642253
40.151	0.592857
40.161	0.541121
40.171	0.48725
40.181	0.431456
40.191	0.373959
40.201	0.314987
40.211	0.254771
40.221	0.193549
40.231	0.131564
40.241	0.06906
40.251	0.00628314
40.261	-0.0565185
40.271	-0.119097
40.281	-0.181206
40.291	-0.242599
40.301	-0.303035
40.311	-0.362275
40.321	-0.420086
40.331	-0.476238
40.341	-0.530511
40.351	-0.58269
40.361	-0.63257
40.371	-0.679953
40.381	-0.724653
40.391	-0.766493
40.401	-0.805308
40.411	-0.840945
40.421	-0.873262
40.431	-0.902134
40.441	-0.927445
40.451	-0.949096
40.461	-0.967001
40.471	-0.981091
40.481	-0.991308
40.491	-0.997613
40.501	-0.99998
40.511	-0.998402
40.521	-0.992883
40.531	-0.983445
40.541	-0.970127
40.551	-0.952979
40.561	-0.932071
40.571	-0.907484
40.581	-0.879316
40.591	-0.847678
40.601	-0.812694
40.611	-0.774503
40.621	-0.733255
40.631	-0.689114
40.641	-0.642253
40.651	-0.592857
40.661	-0.541121
40.671	-0.48725
40.681	-0.431456
40.691	-0.373959
40.701	-0.314987
40.711	-0.254771
40.721	-0.193549
40.731	-0.131564
40.741	-0.06906
40.751	-0.00628314
40.761	0.0565185
40.771	0.119097
40.781	0.181206
40.791	0.242599
40.801	0.303035
40.811	0.362275
40.821	0.420086
40.831	0.476238
40.841	0.530511
40.851	0.58269
40.861	0.63257
40.871	0.679953
40.881	0.724653
40.891	0.766493
40.901	0.805308
40.911	0.840945
40.921	0.873262
40.931	0.902134
40.941	0.927445
40.951	0.949096
40.961	0.967001
40.971	0.981091
40.981	0.991308
40.991	0.997613
41.001	0.99998
41.011	0.998402
41.021	0.992883
41.031	0.983445
41.041	0.970127
41.051	0.952979
41.061	0.932071
41.071	0.907484
41.081	0.879316
41.091	0.847678
41.101	0.812694
41.111	0.774503
41.121	0.733255
41.131	0.689114
41.141	0.642253
41.151	0.592857
41.161	0.541121
41.171	0.48725
41.181	0.431456
41.191	0.373959
41.201	0.314987
41.211	0.254771
41.221	0.193549
41.231	0.131564
41.241	0.06906
41.251	0.00628314
41.261	-0.0565185
41.271	-0.119097
41.281	-0.181206
41.291	-0.242599
41.301	-0.303035
41.311	-0.362275
41.321	-0.420086
41.331	-0.476238
41.341	-0.530511
41.351	-0.58269
41.361	-0.63257
41.371	-0.679953
41.381	-0.724653
41.391	-0.766493
41.401	-0.805308
41.411	-0.840945
41.421	-0.873262
41.431	-0.902134
41.441	-0.927445
41.451	-0.949096
41.461	-0.967001
41.471	-0.981091
41.481	-0.991308
41.491	-0.997613
41.501	-0.99998
41.511	-0.998402
41.521	-0.992883
41.531	-0.983445
41.541	-0.970127
41.551	-0.952979
41.561	-0.932071
41.571	-0.907484
41.581	-0.879316
41.591	-0.847678
41.601	-0.812694
41.611	-0.774503
41.621	-0.733255
41.631	-0.689114
41.641	-0.642253
41.651	-0.592857
41.661	-0.541121
41.671	-0.48725
41.681	-0.431456
41.691	-0.373959
41.701	-0.314987
41.711	-0.254771
41.721	-0.193549
41.731	-0.131564
41.741	-0.06906
41.751	-0.00628314
41.761	0.0565185
41.771	0.119097
41.781	0.181206
41.791	0.242599
41.801	0.303035
41.811	0.362275
41.821	0.420086
41.831	0.476238
41.841	0.530511
41.851	0.58269
41.861	0.63257
41.871	0.679953
41.881	0.724653
41.891	0.766493
41.901	0.805308
41.911	0.840945
41.921	0.873262
41.931	0.902134
41.941	0.927445
41.951	0.949096
41.961	0.967001
41.971	0.981091
41.981	0.991308
41.991	0.997613
42.001	0.99998
42.011	0.998402
42.021	0.992883
42.031	0.983445
42.041	0.970127
42.051	0.952979
42.061	0.932071
42.071	0.907484
42.081	0.879316
42.091	0.847678
42.101	0.812694
42.111	0.774503
42.121	0.733255
42.131	0.689114
42.141	0.642253
42.151	0.592857
42.161	0.541121
42.171	0.48725
42.181	0.431456
42.191	0.373959
42.201	0.314987
42.211	0.254771
42.221	0.193549
42.231	0.131564
42.241	0.06906
42.251	0.00628314
42.261	-0.0565185
42.271	-0.119097
42.281	-0.181206
42.291	-0.242599
42.301	-0.303035
42.311	-0.362275
42.321	-0.420086
42.331	-0.476238
42.341	-0.530511
42.351	-0.58269
42.361	-0.63257
42.371	-0.679953
42.381	-0.724653
42.391	-0.766493
42.401	-0.805308
42.411	-0.840945
42.421	-0.873262
42.431	-0.902134
42.441	-0.927445
42.451	-0.949096
42.461	-0.967001
42.471	-0.981091
42.481	-0.991308
42.491	-0.997613
42.501	-0.99998
42.511	-0.998402
42.521	-0.992883
42.531	-0.983445
42.541	-0.970127
42.551	-0.952979
42.561	-0.932071
42.571	-0.907484
42.581	-0.879316
42.591	-0.847678
42.601	-0.812694
42.611	-0.774503
42.621	-0.733255
42.631	-0.689114
42.641	-0.642253
42.651	-0.592857
42.661	-0.541121
42.671	-0.48725
42.681	-0.431456
42.691	-0.373959
42.701	-0.314987
42.711	-0.254771
42.721	-0.193549
42.731	-0.131564
42.741	-0.06906
42.751	-0.00628314
42.761	0.0565185
42.771	0.119097
42.781	0.181206
42.791	0.242599
42.801	0.303035
42.811	0.362275
42.821	0.420086
42.831	0.476238
42.841	0.530511
42.851	0.58269
42.861	0.63257
42.871	0.679953
42.881	0.724653
42.891	0.766493
42.901	0.805308
42.911	0.840945
42.921	0.873262
42.931	0.902134
42.941	0.927445
42.951	0.949096
42.961	0.967001
42.971	0.981091
42.981	0.991308
42.991	0.997613
43.001	0.99998
43.011	0.998402
43.021	0.992883
43.031	0.983445
43.041	0.970127
43.051	0.952979
43.061	0.932071
43.071	0.907484
43.081	0.879316
43.091	0.847678
43.101	0.812694
43.111	0.774503
43.121	0.733255
43.131	0.689114
43.141	0.642253
43.151	0.592857
43.161	0.541121
43.171	0.48725
43.181	0.431456
43.191	0.373959
43.201	0.314987
43.211	0.254771
43.221	0.193549
43.231	0.131564
43.241	0.06906
43.251	0.00628314
43.261	-0.0565185
43.271	-0.119097
43.281	-0.181206
43.291	-0.242599
43.301	-0.303035
43.311	-0.362275
43.321	-0.420086
43.331	-0.476238
43.341	-0.530511
43.351	-0.58269
43.361	-0.63257
43.371	-0.679953
43.381	-0.724653
43.391	-0.766493
43.401	-0.805308
43.411	-0.840945
43.421	-0.873262
43.431	-0.902134
43.441	-0.927445
43.451	-0.949096
43.461	-0.967001
43.471	-0.981091
43.481	-0.991308
43.491	-0.997613
43.501	-0.99998
43.511	-0.998402
43.521	-0.992883
43.531	-0.983445
43.541	-0.970127
43.551	-0.952979
43.561	-0.932071
43.571	-0.907484
43.581	-0.879316
43.591	-0.847678
43.601	-0.812694
43.611	-0.774503
43.621	-0.733255
43.631	-0.689114
43.641	-0.642253
43.651	-0.592857
43.661	-0.541121
43.671	-0.48725
43.681	-0.431456
43.691	-0.373959
43.701	-0.314987
43.711	-0.254771
43.721	-0.193549
43.731	-0.131564
43.741	-0.06906
43.751	-0.00628314
43.761	0.0565185
43.771	0.119097
43.781	0.181206
43.791	0.242599
43.801	0.303035
43.811	0.362275
43.821	0.420086
43.831	0.476238
43.841	0.530511
43.851	0.58269
43.861	0.63257
43.871	0.679953
43.881	0.724653
43.891	0.766493
43.901	0.805308
43.911	0.840945
43.921	0.873262
43.931	0.902134
43.941	0.927445
43.951	0.949096
43.961	0.967001
43.971	0.981091
43.981	0.991308
43.991	0.997613
44.001	0.99998
44.011	0.998402
44.021	0.992883
44.031	0.983445
44.041	0.970127
44.051	0.952979
44.061	0.932071
44.071	0.907484
44.081	0.879316
44.091	0.847678
44.101	0.812694
44.111	0.774503
44.121	0.733255
44.131	0.689114
44.141	0.642253
44.151	0.592857
44.161	0.541121
44.171	0.48725
44.181	0.431456
44.191	0.373959
44.201	0.314987
44.211	0.254771
44.221	0.193549
44.231	0.131564
44.241	0.06906
44.251	0.00628314
44.261	-0.0565185
44.271	-0.119097
44.281	-0.181206
44.291	-0.242599
44.301	-0.303035
44.311	-0.362275
44.321	-0.420086
44.331	-0.476238
44.341	-0.530511
44.351	-0.58269
44.361	-0.63257
44.371	-0.679953
44.381	-0.724653
44.391	-0.766493
44.401	-0.805308
44.411	-0.840945
44.421	-0.873262
44.431	-0.902134
44.441	-0.927445
44.451	-0.949096
44.461	-0.967001
44.471	-0.981091
44.481	-0.991308
44.491	-0.997613
44.501	-0.99998
44.511	-0.998402
44.521	-0.992883
44.531	-0.983445
44.541	-0.970127
44.551	-0.952979
44.561	-0.932071
44.571	-0.907484
44.581	-0.879316
44.591	-0.847678
44.601	-0.812694
44.611	-0.774503
44.621	-0.733255
44.631	-0.689114
44.641	-0.642253
44.651	-0.592857
44.661	-0.541121
44.671	-0.48725
44.681	-0.431456
44.691	-0.373959
44.701	-0.314987
44.711	-0.254771
44.721	-0.193549
44.731	-0.131564
44.741	-0.06906
44.751	-0.00628314
44.761	0.0565185
44.771	0.119097
44.781	0.181206
44.791	0.242599
44.801	0.303035
44.811	0.362275
44.821	0.420086
44.831	0.476238
44.841	0.530511
44.851	0.58269
44.861	0.63257
44.871	0.679953
44.881	0.724653
44.891	0.766493
44.901	0.805308
44.911	0.840945
44.921	0.873262
44.931	0.902134
44.941	0.927445
44.951	0.949096
44.961	0.967001
44.971	0.981091
44.981	0.991308
44.991	0.997613
45.001	0.99998
45.011	0.998402
45.021	0.992883
45.031	0.983445
45.041	0.970127
45.051	0.952979
45.061	0.932071
45.071	0.907484
45.081	0.879316
45.091	0.847678
45.101	0.812694
45.111	0.774503
45.121	0.733255
45.131	0.689114
45.141	0.642253
45.151	0.592857
45.161	0.541121
45.171	0.48725
45.181	0.431456
45.191	0.373959
45.201	0.314987
45.211	0.254771
45.221	0.193549
45.231	0.131564
45.241	0.06906
45.251	0.00628314
45.261	-0.0565185
45.271	-0.119097
45.281	-0.181206
45.291	-0.242599
45.301	-0.303035
45.311	-0.362275
45.321	-0.420086
45.331	-0.476238
45.341	-0.530511
45.351	-0.58269
45.361	-0.63257
45.371	-0.679953
45.381	-0.724653
45.391	-0.766493
45.401	-0.805308
45.411	-0.840945
45.421	-0.873262
45.431	-0.902134
45.441	-0.927445
45.451	-0.949096
45.461	-0.967001
45.471	-0.981091
45.481	-0.991308
45.491	-0.997613
45.501	-0.99998
45.511	-0.998402
45.521	-0.992883
45.531	-0.983445
45.541	-0.970127
45.551	-0.952979
45.561	-0.932071
45.571	-0.907484
45.581	-0.879316
45.591	-0.847678
45.601	-0.812694
45.611	-0.774503
45.621	-0.733255
45.631	-0.689114
45.641	-0.642253
45.651	-0.592857
45.661	-0.541121
45.671	-0.48725
45.681	-0.431456
45.691	-0.373959
45.701	-0.314987
45.711	-0.254771
45.721	-0.193549
45.731	-0.131564
45.741	-0.06906
45.751	-0.00628314
45.761	0.0565185
45.771	0.119097
45.781	0.181206
45.791	0.242599
45.801	0.303035
45.811	0.362275
45.821	0.420086
45.831	0.476238
45.841	0.530511
45.851	0.58269
45.861	0.63257
45.871	0.679953
45.881	0.724653
45.891	0.766493
45.901	0.805308
45.911	0.840945
45.921	0.873262
45.931	0.902134
45.941	0.927445
45.951	0.949096
45.961	0.967001
45.971	0.981091
45.981	0.991308
45.991	0.997613
46.001	0.99998
46.011	0.998402
46.021	0.992883
46.031	0.983445
46.041	0.970127
46.051	0.952979
46.061	0.932071
46.071	0.907484
46.081	0.879316
46.091	0.847678
46.101	0.812694
46.111	0.774503
46.121	0.733255
46.131	0.689114
46.141	0.642253
46.151	0.592857
46.161	0.541121
46.171	0.48725
46.181	0.431456
46.191	0.373959
46.201	0.314987
46.211	0.254771
46.221	0.193549
46.231	0.131564
46.241	0.06906
46.251	0.00628314
46.261	-0.0565185
46.271	-0.119097
46.281	-0.181206
46.291	-0.242599
46.301	-0.303035
46.311	-0.362275
46.321	-0.420086
46.331	-0.476238
46.341	-0.530511
46.351	-0.58269
46.361	-0.63257
46.371	-0.679953
46.381	-0.724653
46.391	-0.766493
46.401	-0.805308
46.411	-0.840945
46.421	-0.873262
46.431	-0.902134
46.441	-0.927445
46.451	-0.949096
46.461	-0.967001
46.471	-0.981091
46.481	-0.991308
46.491	-0.997613
46.501	-0.99998
46.511	-0.998402
46.521	-0.992883
46.531	-0.983445
46.541	-0.970127
46.551	-0.952979
46.561	-0.932071
46.571	-0.907484
46.581	-0.879316
46.591	-0.847678
46.601	-0.812694
46.611	-0.774503
46.621	-0.733255
46.631	-0.689114
46.641	-0.642253
46.651	-0.592857
46.661	-0.541121
46.671	-0.48725
46.681	-0.431456
46.691	-0.373959
46.701	-0.314987
46.711	-0.254771
46.721	-0.193549
46.731	-0.131564
46.741	-0.06906
46.751	-0.00628314
46.761	0.0565185
46.771	0.119097
46.781	0.181206
46.791	0.242599
46.801	0.303035
46.811	0.362275
46.821	0.420086
46.831	0.476238
46.841	0.530511
46.851	0.58269
46.861	0.63257
46.871	0.679953
46.881	0.724653
46.891	0.766493
46.901	0.805308
46.911	0.840945
46.921	0.873262
46.931	0.902134
46.941	0.927445
46.951	0.949096
46.961	0.967001
46.971	0.981091
46.981	0.991308
46.991	0.997613
47.001	0.99998
47.011	0.998402
47.021	0.992883
47.031	0.983445
47.041	0.970127
47.051	0.952979
47.061	0.932071
47.071	0.907484
47.081	0.879316
47.091	0.847678
47.101	0.812694
47.111	0.774503
47.121	0.733255
47.131	0.689114
47.141	0.642253
47.151	0.592857
47.161	0.541121
47.171	0.48725
47.181	0.431456
47.191	0.373959
47.201	0.314987
47.211	0.254771
47.221	0.193549
47.231	0.131564
47.241	0.06906
47.251	0.00628314
47.261	-0.0565185
47.271	-0.119097
47.281	-0.181206
47.291	-0.242599
47.301	-0.303035
47.311	-0.362275
47.321	-0.420086
47.331	-0.476238
47.341	-0.530511
47.351	-0.58269
47.361	-0.63257
47.371	-0.679953
47.381	-0.724653
47.391	-0.766493
47.401	-0.805308
47.411	-0.840945
47.421	-0.873262
47.431	-0.902134
47.441	-0.927445
47.451	-0.949096
47.461	-0.967001
47.471	-0.981091
47.481	-0.991308
47.491	-0.997613
47.501	-0.99998
47.511	-0.998402
47.521	-0.992883
47.531	-0.983445
47.541	-0.970127
47.551	-0.952979
47.561	-0.932071
47.571	-0.907484
47.581	-0.879316
47.591	-0.847678
47.601	-0.812694
47.611	-0.774503
47.621	-0.733255
47.631	-0.689114
47.641	-0.642253
47.651	-0.592857
47.661	-0.541121
47.671	-0.48725
47.681	-0.431456
47.691	-0.373959
47.701	-0.314987
47.711	-0.254771
47.721	-0.193549
47.731	-0.131564
47.741	-0.06906
47.751	-0.00628314
47.761	0.0565185
47.771	0.119097
47.781	0.181206
47.791	0.242599
47.801	0.303035
47.811	0.362275
47.821	0.420086
47.831	0.476238
47.841	0.530511
47.851	0.58269
47.861	0.63257
47.871	0.679953
47.881	0.724653
47.891	0.766493
47.901	0.805308
47.911	0.840945
47.921	0.873262
47.931	0.902134
47.941	0.927445
47.951	0.949096
47.961	0.967001
47.971	0.981091
47.981	0.991308
47.991	0.997613
48.001	0.99998
48.011	0.998402
48.021	0.992883
48.031	0.983445
48.041	0.970127
48.051	0.952979
48.061	0.932071
48.071	0.907484
48.081	0.879316
48.091	0.847678
48.101	0.812694
48.111	0.774503
48.121	0.733255
48.131	0.689114
48.141	0.642253
48.151	0.592857
48.161	0.541121
48.171	0.48725
48.181	0.431456
48.191	0.373959
48.201	0.314987
48.211	0.254771
48.221	0.193549
48.231	0.131564
48.241	0.06906
48.251	0.00628314
48.261	-0.0565185
48.271	-0.119097
48.281	-0.181206
48.291	-0.242599
48.301	-0.303035
48.311	-0.362275
48.321	-0.420086
48.331	-0.476238
48.341	-0.530511
48.351	-0.58269
48.361	-0.63257
48.371	-0.679953
48.381	-0.724653
48.391	-0.766493
48.401	-0.805308
48.411	-0.840945
48.421	-0.873262
48.431	-0.902134
48.441	-0.927445
48.451	-0.949096
48.461	-0.967001
48.471	-0.981091
48.481	-0.991308
48.491	-0.997613
48.501	-0.99998
48.511	-0.998402
48.521	-0.992883
48.531	-0.983445
48.541	-0.970127
48.551	-0.952979
48.561	-0.932071
48.571	-0.907484
48.581	-0.879316
48.591	-0.847678
48.601	-0.812694
48.611	-0.774503
48.621	-0.733255
48.631	-0.689114
48.641	-0.642253
48.651	-0.592857
48.661	-0.541121
48.671	-0.48725
48.681	-0.431456
48.691	-0.373959
48.701	-0.314987
48.711	-0.254771
48.721	-0.193549
48.731	-0.131564
48.741	-0.06906
48.751	-0.00628314
48.761	0.0565185
48.771	0.119097
48.781	0.181206
48.791	0.242599
48.801	0.303035
48.811	0.362275
48.821	0.420086
48.831	0.476238
48.841	0.530511
48.851	0.58269
48.861	0.63257
48.871	0.679953
48.881	0.724653
48.891	0.766493
48.901	0.805308
48.911	0.840945
48.921	0.873262
48.931	0.902134
48.941	0.927445
48.951	0.949096
48.961	0.967001
48.971	0.981091
48.981	0.991308
48.991	0.997613
49.001	0.99998
49.011	0.998402
49.021	0.992883
49.031	0.983445
49.041	0.970127
49.051	0.952979
49.061	0.932071
49.071	0.907484
49.081	0.879316
49.091	0.847678
49.101	0.812694
49.111	0.774503
49.121	0.733255
49.131	0.689114
49.141	0.642253
49.151	0.592857
49.161	0.541121
49.171	0.48725
49.181	0.431456
49.191	0.373959
49.201	0.314987
49.211	0.254771
49.221	0.193549
49.231	0.131564
49.241	0.06906
49.251	0.00628314
49.261	-0.0565185
49.271	-0.119097
49.281	-0.181206
49.291	-0.242599
49.301	-0.303035
49.311	-0.362275
49.321	-0.420086
49.331	-0.476238
49.341	-0.530511
49.351	-0.58269
49.361	-0.63257
49.371	-0.679953
49.381	-0.724653
49.391	-0.766493
49.401	-0.805308
49.411	-0.840945
49.421	-0.873262
49.431	-0.902134
49.441	-0.927445
49.451	-0.949096
49.461	-0.967001
49.471	-0.981091
49.481	-0.991308
49.491	-0.997613
49.501	-0.99998
49.511	-0.998402
49.521	-0.992883
49.531	-0.983445
49.541	-0.970127
49.551	-0.952979
49.561	-0.932071
49.571	-0.907484
49.581	-0.879316
49.591	-0.847678
49.601	-0.812694
49.611	-0.774503
49.621	-0.733255
49.631	-0.689114
49.641	-0.642253
49.651	-0.592857
49.661	-0.541121
49.671	-0.48725
49.681	-0.431456
49.691	-0.373959
49.701	-0.314987
49.711	-0.254771
49.721	-0.193549
49.731	-0.131564
49.741	-0.06906
49.751	-0.00628314
49.761	0.0565185
49.771	0.119097
49.781	0.181206
49.791	0.242599
49.801	0.303035
49.811	0.362275
49.821	0.420086
49.831	0.476238
49.841	0.530511
49.851	0.58269
49.861	0.63257
49.871	0.679953
49.881	0.724653
49.891	0.766493
49.901	0.805308
49.911	0.840945
49.921	0.873262
49.931	0.902134
49.941	0.927445
49.951	0.949096
49.961	0.967001
49.971	0.981091
49.981	0.991308
49.991	0.997613
50.001	0.99998
50.011	0.998402
50.021	0.992883
50.031	0.983445
50.041	0.970127
50.051	0.952979
50.061	0.932071
50.071	0.907484
50.081	0.879316
50.091	0.847678
50.101	0.812694
50.111	0.774503
50.121	0.733255
50.131	0.689114
50.141	0.642253
50.151	0.592857
50.161	0.541121
50.171	0.48725
50.181	0.431456
50.191	0.373959
50.201	0.314987
50.211	0.254771
50.221	0.193549
50.231	0.131564
50.241	0.06906
50.251	0.00628314
50.261	-0.0565185
50.271	-0.119097
50.281	-0.181206
50.291	-0.242599
50.301	-0.303035
50.311	-0.362275
50.321	-0.420086
50.331	-0.476238
50.341	-0.530511
50.351	-0.58269
50.361	-0.63257
50.371	-0.679953
50.381	-0.724653
50.391	-0.766493
50.401	-0.805308
50.411	-0.840945
50.421	-0.873262
50.431	-0.902134
50.441	-0.927445
50.451	-0.949096
50.461	-0.967001
50.471	-0.981091
50.481	-0.991308
50.491	-0.997613
50.501	-0.99998
50.511	-0.998402
50.521	-0.992883
50.531	-0.983445
50.541	-0.970127
50.551	-0.952979
50.561	-0.932071
50.571	-0.907484
50.581	-0.879316
50.591	-0.847678
50.601	-0.812694
50.611	-0.774503
50.621	-0.733255
50.631	-0.689114
50.641	-0.642253
50.651	-0.592857
50.661	-0.541121
50.671	-0.48725
50.681	-0.431456
50.691	-0.373959
50.701	-0.314987
50.711	-0.254771
50.721	-0.193549
50.731	-0.131564
50.741	-0.06906
50.751	-0.00628314
50.761	0.0565185
50.771	0.119097
50.781	0.181206
50.791	0.242599
50.801	0.303035
50.811	0.362275
50.821	0.420086
50.831	0.476238
50.841	0.530511
50.851	0.58269
50.861	0.63257
50.871	0.679953
50.881	0.724653
50.891	0.766493
50.901	0.805308
50.911	0.840945
50.921	0.873262
50.931	0.902134
50.941	0.927445
50.951	0.949096
50.961	0.967001
50.971	0.981091
50.981	0.991308
50.991	0.997613
51.001	0.99998
51.011	0.998402
51.021	0.992883
51.031	0.983445
51.041	0.970127
51.051	0.952979
51.061	0.932071
51.071	0.907484
51.081	0.879316
51.091	0.847678
51.101	0.812694
51.111	0.774503
51.121	0.733255
51.131	0.689114
51.141	0.642253
51.151	0.592857
51.161	0.541121
51.171	0.48725
51.181	0.431456
51.191	0.373959
51.201	0.314987
51.211	0.254771
51.221	0.193549
51.231	0.131564
51.241	0.06906
51.251	0.00628314
51.261	-0.0565185
51.271	-0.119097
51.281	-0.181206
51.291	-0.242599
51.301	-0.303035
51.311	-0.362275
51.321	-0.420086
51.331	-0.476238
51.341	-0.530511
51.351	-0.58269
51.361	-0.63257
51.371	-0.679953
51.381	-0.724653
51.391	-0.766493
51.401	-0.805308
51.411	-0.840945
51.421	-0.873262
51.431	-0.902134
51.441	-0.927445
51.451	-0.949096
51.461	-0.967001
51.471	-0.981091
51.481	-0.991308
51.491	-0.997613
51.501	-0.99998
51.511	-0.998402
51.521	-0.992883
51.531	-0.983445
51.541	-0.970127
51.551	-0.952979
51.561	-0.932071
51.571	-0.907484
51.581	-0.879316
51.591	-0.847678
51.601	-0.812694
51.611	-0.774503
51.621	-0.733255
51.631	-0.689114
51.641	-0.642253
51.651	-0.592857
51.661	-0.541121
51.671	-0.48725
51.681	-0.431456
51.691	-0.373959
51.701	-0.314987
51.711	-0.254771
51.721	-0.193549
51.731	-0.131564
51.741	-0.06906
51.751	-0.00628314
51.761	0.0565185
51.771	0.119097
51.781	0.181206
51.791	0.242599
51.801	0.303035
51.811	0.362275
51.821	0.420086
51.831	0.476238
51.841	0.530511
51.851	0.58269
51.861	0.63257
51.871	0.679953
51.881	0.724653
51.891	0.766493
51.901	0.805308
51.911	0.840945
51.921	0.873262
51.931	0.902134
51.941	0.927445
51.951	0.949096
51.961	0.967001
51.971	0.981091
51.981	0.991308
51.991	0.997613
52.001	0.99998
52.011	0.998402
52.021	0.992883
52.031	0.983445
52.041	0.970127
52.051	0.952979
52.061	0.932071
52.071	0.907484
52.081	0.879316
52.091	0.847678
52.101	0.812694
52.111	0.774503
52.121	0.733255
52.131	0.689114
52.141	0.642253
52.151	0.592857
52.161	0.541121
52.171	0.48725
52.181	0.431456
52.191	0.373959
52.201	0.314987
52.211	0.254771
52.221	0.193549
52.231	0.131564
52.241	0.06906
52.251	0.00628314
52.261	-0.0565185
52.271	-0.119097
52.281	-0.181206
52.291	-0.242599
52.301	-0.303035
52.311	-0.362275
52.321	-0.420086
52.331	-0.476238
52.341	-0.530511
52.351	-0.58269
52.361	-0.63257
52.371	-0.679953
52.381	-0.724653
52.391	-0.766493
52.401	-0.805308
52.411	-0.840945
52.421	-0.873262
52.431	-0.902134
52.441	-0.927445
52.451	-0.949096
52.461	-0.967001
52.471	-0.981091
52.481	-0.991308
52.491	-0.997613
52.501	-0.99998
52.511	-0.998402
52.521	-0.992883
52.531	-0.983445
52.541	-0.970127
52.551	-0.952979
52.561	-0.932071
52.571	-0.907484
52.581	-0.879316
52.591	-0.847678
52.601	-0.812694
52.611	-0.774503
52.621	-0.733255
52.631	-0.689114
52.641	-0.642253
52.651	-0.592857
52.661	-0.541121
52.671	-0.48725
52.681	-0.431456
52.691	-0.373959
52.701	-0.314987
52.711	-0.254771
52.721	-0.193549
52.731	-0.131564
52.741	-0.06906
52.751	-0.00628314
52.761	0.0565185
52.771	0.119097
52.781	0.181206
52.791	0.242599
52.801	0.303035
52.811	0.362275
52.821	0.420086
52.831	0.476238
52.841	0.530511
52.851	0.58269
52.861	0.63257
52.871	0.679953
52.881	0.724653
52.891	0.766493
52.901	0.805308
52.911	0.840945
52.921	0.873262
52.931	0.902134
52.941	0.927445
52.951	0.949096
52.961	0.967001
52.971	0.981091
52.981	0.991308
52.991	0.997613
53.001	0.99998
53.011	0.998402
53.021	0.992883
53.031	0.983445
53.041	0.970127
53.051	0.952979
53.061	0.932071
53.071	0.907484
53.081	0.879316
53.091	0.847678
53.101	0.812694
53.111	0.774503
53.121	0.733255
53.131	0.689114
53.141	0.642253
53.151	0.592857
53.161	0.541121
53.171	0.48725
53.181	0.431456
53.191	0.373959
53.201	0.314987
53.211	0.254771
53.221	0.193549
53.231	0.131564
53.241	0.06906
53.251	0.00628314
53.261	-0.0565185
53.271	-0.119097
53.281	-0.181206
53.291	-0.242599
53.301	-0.303035
53.311	-0.362275
53.321	-0.420086
53.331	-0.476238
53.341	-0.530511
53.351	-0.58269
53.361	-0.63257
53.371	-0.679953
53.381	-0.724653
53.391	-0.766493
53.401	-0.805308
53.411	-0.840945
53.421	-0.873262
53.431	-0.902134
53.441	-0.927445
53.451	-0.949096
53.461	-0.967001
53.471	-0.981091
53.481	-0.991308
53.491	-0.997613
53.501	-0.99998
53.511	-0.998402
53.521	-0.992883
53.531	-0.983445
53.541	-0.970127
53.551	-0.952979
53.561	-0.932071
53.571	-0.907484
53.581	-0.879316
53.591	-0.847678
53.601	-0.812694
53.611	-0.774503
53.621	-0.733255
53.631	-0.689114
53.641	-0.642253
53.651	-0.592857
53.661	-0.541121
53.671	-0.48725
53.681	-0.431456
53.691	-0.373959
53.701	-0.314987
53.711	-0.254771
53.721	-0.193549
53.731	-0.131564
53.741	-0.06906
53.751	-0.00628314
53.761	0.0565185
53.771	0.119097
53.781	0.181206
53.791	0.242599
53.801	0.303035
53.811	0.362275
53.821	0.420086
53.831	0.476238
53.841	0.530511
53.851	0.58269
53.861	0.63257
53.871	0.679953
53.881	0.724653
53.891	0.766493
53.901	0.805308
53.911	0.840945
53.921	0.873262
53.931	0.902134
53.941	0.927445
53.951	0.949096
53.961	0.967001
53.971	0.981091
53.981	0.991308
53.991	0.997613
54.001	0.99998
54.011	0.998402
54.021	0.992883
54.031	0.983445
54.041	0.970127
54.051	0.952979
54.061	0.932071
54.071	0.907484
54.081	0.879316
54.091	0.847678
54.101	0.812694
54.111	0.774503
54.121	0.733255
54.131	0.689114
54.141	0.642253
54.151	0.592857
54.161	0.541121
54.171	0.48725
54.181	0.431456
54.191	0.373959
54.201	0.314987
54.211	0.254771
54.221	0.193549
54.231	0.131564
54.241	0.06906
54.251	0.00628314
54.261	-0.0565185
54.271	-0.119097
54.281	-0.181206
54.291	-0.242599
54.301	-0.303035
54.311	-0.362275
54.321	-0.420086
54.331	-0.476238
54.341	-0.530511
54.351	-0.58269
54.361	-0.63257
54.371	-0.679953
54.381	-0.724653
54.391	-0.766493
54.401	-0.805308
54.411	-0.840945
54.421	-0.873262
54.431	-0.902134
54.441	-0.927445
54.451	-0.949096
54.461	-0.967001
54.471	-0.981091
54.481	-0.991308
54.491	-0.997613
54.501	-0.99998
54.511	-0.998402
54.521	-0.992883
54.531	-0.983445
54.541	-0.970127
54.551	-0.952979
54.561	-0.932071
54.571	-0.907484
54.581	-0.879316
54.591	-0.847678
54.601	-0.812694
54.611	-0.774503
54.621	-0.733255
54.631	-0.689114
54.641	-0.642253
54.651	-0.592857
54.661	-0.541121
54.671	-0.48725
54.681	-0.431456
54.691	-0.373959
54.701	-0.314987
54.711	-0.254771
54.721	-0.193549
54.731	-0.131564
54.741	-0.06906
54.751	-0.00628314
54.761	0.0565185
54.771	0.119097
54.781	0.181206
54.791	0.242599
54.801	0.303035
54.811	0.362275
54.821	0.420086
54.831	0.476238
54.841	0.530511
54.851	0.58269
54.861	0.63257
54.871	0.679953
54.881	0.724653
54.891	0.766493
54.901	0.805308
54.911	0.840945
54.921	0.873262
54.931	0.902134
54.941	0.927445
54.951	0.949096
54.961	0.967001
54.971	0.981091
54.981	0.991308
54.991	0.997613
55.001	0.99998
55.011	0.998402
55.021	0.992883
55.031	0.983445
55.041	0.970127
55.051	0.952979
55.061	0.932071
55.071	0.907484
55.081	0.879316
55.091	0.847678
55.101	0.812694
55.111	0.774503
55.121	0.733255
55.131	0.689114
55.141	0.642253
55.151	0.592857
55.161	0.541121
55.171	0.48725
55.181	0.431456
55.191	0.373959
55.201	0.314987
55.211	0.254771
55.221	0.193549
55.231	0.131564
55.241	0.06906
55.251	0.00628314
55.261	-0.0565185
55.271	-0.119097
55.281	-0.181206
55.291	-0.242599
55.301	-0.303035
55.311	-0.362275
55.321	-0.420086
55.331	-0.476238
55.341	-0.530511
55.351	-0.58269
55.361	-0.63257
55.371	-0.679953
55.381	-0.724653
55.391	-0.766493
55.401	-0.805308
55.411	-0.840945
55.421	-0.873262
55.431	-0.902134
55.441	-0.927445
55.451	-0.949096
55.461	-0.967001
55.471	-0.981091
55.481	-0.991308
55.491	-0.997613
55.501	-0.99998
55.511	-0.998402
55.521	-0.992883
55.531	-0.983445
55.541	-0.970127
55.551	-0.952979
55.561	-0.932071
55.571	-0.907484
55.581	-0.879316
55.591	-0.847678
55.601	-0.812694
55.611	-0.774503
55.621	-0.733255
55.631	-0.689114
55.641	-0.642253
55.651	-0.592857
55.661	-0.541121
55.671	-0.48725
55.681	-0.431456
55.691	-0.373959
55.701	-0.314987
55.711	-0.254771
55.721	-0.193549
55.731	-0.131564
55.741	-0.06906
55.751	-0.00628314
55.761	0.0565185
55.771	0.119097
55.781	0.181206
55.791	0.242599
55.801	0.303035
55.811	0.362275
55.821	0.420086
55.831	0.476238
55.841	0.530511
55.851	0.58269
55.861	0.63257
55.871	0.679953
55.881	0.724653
55.891	0.766493
55.901	0.805308
55.911	0.840945
55.921	0.873262
55.931	0.902134
55.941	0.927445
55.951	0.949096
55.961	0.967001
55.971	0.981091
55.981	0.991308
55.991	0.997613
56.001	0.99998
56.011	0.998402
56.021	0.992883
56.031	0.983445
56.041	0.970127
56.051	0.952979
56.061	0.932071
56.071	0.907484
56.081	0.879316
56.091	0.847678
56.101	0.812694
56.111	0.774503
56.121	0.733255
56.131	0.689114
56.141	0.642253
56.151	0.592857
56.161	0.541121
56.171	0.48725
56.181	0.431456
56.191	0.373959
56.201	0.314987
56.211	0.254771
56.221	0.193549
56.231	0.131564
56.241	0.06906
56.251	0.00628314
56.261	-0.0565185
56.271	-0.119097
56.281	-0.181206
56.291	-0.242599
56.301	-0.303035
56.311	-0.362275
56.321	-0.420086
56.331	-0.476238
56.341	-0.530511
56.351	-0.58269
56.361	-0.63257
56.371	-0.679953
56.381	-0.724653
56.391	-0.766493
56.401	-0.805308
56.411	-0.840945
56.421	-0.873262
56.431	-0.902134
56.441	-0.927445
56.451	-0.949096
56.461	-0.967001
56.471	-0.981091
56.481	-0.991308
56.491	-0.997613
56.501	-0.99998
56.511	-0.998402
56.521	-0.992883
56.531	-0.983445
56.541	-0.970127
56.551	-0.952979
56.561	-0.932071
56.571	-0.907484
56.581	-0.879316
56.591	-0.847678
56.601	-0.812694
56.611	-0.774503
56.621	-0.733255
56.631	-0.689114
56.641	-0.642253
56.651	-0.592857
56.661	-0.541121
56.671	-0.48725
56.681	-0.431456
56.691	-0.373959
56.701	-0.314987
56.711	-0.254771
56.721	-0.193549
56.731	-0.131564
56.741	-0.06906
56.751	-0.00628314
56.761	0.0565185
56.771	0.119097
56.781	0.181206
56.791	0.242599
56.801	0.303035
56.811	0.362275
56.821	0.420086
56.831	0.476238
56.841	0.530511
56.851	0.58269
56.861	0.63257
56.871	0.679953
56.881	0.724653
56.891	0.766493
56.901	0.805308
56.911	0.840945
56.921	0.873262
56.931	0.902134
56.941	0.927445
56.951	0.949096
56.961	0.967001
56.971	0.981091
56.981	0.991308
56.991	0.997613
57.001	0.99998
57.011	0.998402
57.021	0.992883
57.031	0.983445
57.041	0.970127
57.051	0.952979
57.061	0.932071
57.071	0.907484
57.081	0.879316
57.091	0.847678
57.101	0.812694
57.111	0.774503
57.121	0.733255
57.131	0.689114
57.141	0.642253
57.151	0.592857
57.161	0.541121
57.171	0.48725
57.181	0.431456
57.191	0.373959
57.201	0.314987
57.211	0.254771
57.221	0.193549
57.231	0.131564
57.241	0.06906
57.251	0.00628314
57.261	-0.0565185
57.271	-0.119097
57.281	-0.181206
57.291	-0.242599
57.301	-0.303035
57.311	-0.362275
57.321	-0.420086
57.331	-0.476238
57.341	-0.530511
57.351	-0.58269
57.361	-0.63257
57.371	-0.679953
57.381	-0.724653
57.391	-0.766493
57.401	-0.805308
57.411	-0.840945
57.421	-0.873262
57.431	-0.902134
57.441	-0.927445
57.451	-0.949096
57.461	-0.967001
57.471	-0.981091
57.481	-0.991308
57.491	-0.997613
57.501	-0.99998
57.511	-0.998402
57.521	-0.992883
57.531	-0.983445
57.541	-0.970127
57.551	-0.952979
57.561	-0.932071
57.571	-0.907484
57.581	-0.879316
57.591	-0.847678
57.601	-0.812694
57.611	-0.774503
57.621	-0.733255
57.631	-0.689114
57.641	-0.642253
57.651	-0.592857
57.661	-0.541121
57.671	-0.48725
57.681	-0.431456
57.691	-0.373959
57.701	-0.314987
57.711	-0.254771
57.721	-0.193549
57.731	-0.131564
57.741	-0.06906
57.751	-0.00628314
57.761	0.0565185
57.771	0.119097
57.781	0.181206
57.791	0.242599
57.801	0.303035
57.811	0.362275
57.821	0.420086
57.831	0.476238
57.841	0.530511
57.851	0.58269
57.861	0.63257
57.871	0.679953
57.881	0.724653
57.891	0.766493
57.901	0.805308
57.911	0.840945
57.921	0.873262
57.931	0.902134
57.941	0.927445
57.951	0.949096
57.961	0.967001
57.971	0.981091
57.981	0.991308
57.991	0.997613
58.001	0.99998
58.011	0.998402
58.021	0.992883
58.031	0.983445
58.041	0.970127
58.051	0.952979
58.061	0.932071
58.071	0.907484
58.081	0.879316
58.091	0.847678
58.101	0.812694
58.111	0.774503
58.121	0.733255
58.131	0.689114
58.141	0.642253
58.151	0.592857
58.161	0.541121
58.171	0.48725
58.181	0.431456
58.191	0.373959
58.201	0.314987
58.211	0.254771
58.221	0.193549
58.231	0.131564
58.241	0.06906
58.251	0.00628314
58.261	-0.0565185
58.271	-0.119097
58.281	-0.181206
58.291	-0.242599
58.301	-0.303035
58.311	-0.362275
58.321	-0.420086
58.331	-0.476238
58.341	-0.530511
58.351	-0.58269
58.361	-0.63257
58.371	-0.679953
58.381	-0.724653
58.391	-0.766493
58.401	-0.805308
58.411	-0.840945
58.421	-0.873262
58.431	-0.902134
58.441	-0.927445
58.451	-0.949096
58.461	-0.967001
58.471	-0.981091
58.481	-0.991308
58.491	-0.997613
58.501	-0.99998
58.511	-0.998402
58.521	-0.992883
58.531	-0.983445
58.541	-0.970127
58.551	-0.952979
58.561	-0.932071
58.571	-0.907484
58.581	-0.879316
58.591	-0.847678
58.601	-0.812694
58.611	-0.774503
58.621	-0.733255
58.631	-0.689114
58.641	-0.642253
58.651	-0.592857
58.661	-0.541121
58.671	-0.48725
58.681	-0.431456
58.691	-0.373959
58.701	-0.314987
58.711	-0.254771
58.721	-0.193549
58.731	-0.131564
58.741	-0.06906
58.751	-0.00628314
58.761	0.0565185
58.771	0.119097
58.781	0.181206
58.791	0.242599
58.801	0.303035
58.811	0.362275
58.821	0.420086
58.831	0.476238
58.841	0.530511
58.851	0.58269
58.861	0.63257
58.871	0.679953
58.881	0.724653
58.891	0.766493
58.901	0.805308
58.911	0.840945
58.921	0.873262
58.931	0.902134
58.941	0.927445
58.951	0.949096
58.961	0.967001
58.971	0.981091
58.981	0.991308
58.991	0.997613
59.001	0.99998
59.011	0.998402
59.021	0.992883
59.031	0.983445
59.041	0.970127
59.051	0.952979
59.061	0.932071
59.071	0.907484
59.081	0.879316
59.091	0.847678
59.101	0.812694
59.111	0.774503
59.121	0.733255
59.131	0.689114
59.141	0.642253
59.151	0.592857
59.161	0.541121
59.171	0.48725
59.181	0.431456
59.191	0.373959
59.201	0.314987
59.211	0.254771
59.221	0.193549
59.231	0.131564
59.241	0.06906
59.251	0.00628314
59.261	-0.0565185
59.271	-0.119097
59.281	-0.181206
59.291	-0.242599
59.301	-0.303035
59.311	-0.362275
59.321	-0.420086
59.331	-0.476238
59.341	-0.530511
59.351	-0.58269
59.361	-0.63257
59.371	-0.679953
59.381	-0.724653
59.391	-0.766493
59.401	-0.805308
59.411	-0.840945
59.421	-0.873262
59.431	-0.902134
59.441	-0.927445
59.451	-0.949096
59.461	-0.967001
59.471	-0.981091
59.481	-0.991308
59.491	-0.997613
59.501	-0.99998
59.511	-0.998402
59.521	-0.992883
59.531	-0.983445
59.541	-0.970127
59.551	-0.952979
59.561	-0.932071
59.571	-0.907484
59.581	-0.879316
59.591	-0.847678
59.601	-0.812694
59.611	-0.774503
59.621	-0.733255
59.631	-0.689114
59.641	-0.642253
59.651	-0.592857
59.661	-0.541121
59.671	-0.48725
59.681	-0.431456
59.691	-0.373959
59.701	-0.314987
59.711	-0.254771
59.721	-0.193549
59.731	-0.131564
59.741	-0.06906
59.751	-0.00628314
59.761	0.0565185
59.771	0.119097
59.781	0.181206
59.791	0.242599
59.801	0.303035
59.811	0.362275
59.821	0.420086
59.831	0.476238
59.841	0.530511
59.851	0.58269
59.861	0.63257
59.871	0.679953
59.881	0.724653
59.891	0.766493
59.901	0.805308
59.911	0.840945
59.921	0.873262
59.931	0.902134
59.941	0.927445
59.951	0.949096
59.961	0.967001
59.971	0.981091
59.981	0.991308
59.991	0.997613
60.001	0.99998
