30.001	-2.21508
30.011	-2.07563
30.021	-1.94116
30.031	-1.81166
30.041	-1.68714
30.051	-1.56756
30.061	-1.4529
30.071	-1.34309
30.081	-1.23806
30.091	-1.13772
30.101	-1.04199
30.111	-0.950727
30.121	-0.863819
30.131	-0.78112
30.141	-0.702477
30.151	-0.627725
30.161	-0.556686
30.171	-0.489175
30.181	-0.424996
30.191	-0.363945
30.201	-0.305811
30.211	-0.250375
30.221	-0.197415
30.231	-0.146701
30.241	-0.0980015
30.251	-0.0510821
30.261	-0.00570573
30.271	0.0383649
30.281	0.0813669
30.291	0.123536
30.301	0.165107
30.311	0.20631
30.321	0.24737
30.331	0.288511
30.341	0.329948
30.351	0.371889
30.361	0.414535
30.371	0.458078
30.381	0.502703
30.391	0.548582
30.401	0.595878
30.411	0.644742
30.421	0.695312
30.431	0.747715
30.441	0.802064
30.451	0.85846
30.461	0.916987
30.471	0.977717
30.481	1.04071
30.491	1.106
30.501	1.17362
30.511	1.24358
30.521	1.31587
30.531	1.39049
30.541	1.46739
30.551	1.54652
30.561	1.62783
30.571	1.71124
30.581	1.79664
30.591	1.88395
30.601	1.97303
30.611	2.06376
30.621	2.15599
30.631	2.24957
30.641	2.34432
30.651	2.44008
30.661	2.53665
30.671	2.63384
30.681	2.73144
30.691	2.82924
30.701	2.92703
30.711	3.02457
30.721	3.12165
30.731	3.21802
30.741	3.31346
30.751	3.40773
30.761	3.50058
30.771	3.59179
30.781	3.68111
30.791	3.76831
30.801	3.85316
30.811	3.93544
30.821	4.01491
30.831	4.09137
30.841	4.1646
30.851	4.2344
30.861	4.30057
30.871	4.36294
30.881	4.42132
30.891	4.47556
30.901	4.5255
30.911	4.571
30.921	4.61192
30.931	4.64817
30.941	4.67963
30.951	4.70622
30.961	4.72787
30.971	4.74452
30.981	4.75612
30.991	4.76265
31.001	4.76411
31.011	4.76048
31.021	4.7518
31.031	4.7381
31.041	4.71943
31.051	4.69586
31.061	4.66746
31.071	4.63433
31.081	4.5966
31.091	4.55437
31.101	4.50779
31.111	4.45701
31.121	4.4022
31.131	4.34354
31.141	4.2812
31.151	4.2154
31.161	4.14634
31.171	4.07423
31.181	3.99931
31.191	3.92182
31.201	3.84198
31.211	3.76005
31.221	3.67628
31.231	3.59093
31.241	3.50426
31.251	3.41652
31.261	3.32798
31.271	3.2389
31.281	3.14954
31.291	3.06016
31.301	2.97102
31.311	2.88237
31.321	2.79446
31.331	2.70752
31.341	2.62181
31.351	2.53753
31.361	2.45492
31.371	2.37419
31.381	2.29553
31.391	2.21914
31.401	2.14519
31.411	2.07386
31.421	2.00529
31.431	1.93962
31.441	1.87699
31.451	1.81752
31.461	1.76128
31.471	1.70838
31.481	1.65888
31.491	1.61283
31.501	1.57027
31.511	1.53123
31.521	1.49571
31.531	1.4637
31.541	1.43518
31.551	1.4101
31.561	1.38842
31.571	1.37007
31.581	1.35495
31.591	1.34297
31.601	1.33402
31.611	1.32797
31.621	1.32468
31.631	1.32401
31.641	1.32578
31.651	1.32984
31.661	1.33599
31.671	1.34404
31.681	1.35379
31.691	1.36504
31.701	1.37756
31.711	1.39114
31.721	1.40555
31.731	1.42056
31.741	1.43593
31.751	1.45144
31.761	1.46683
31.771	1.48189
31.781	1.49636
31.791	1.51002
31.801	1.52263
31.811	1.53397
31.821	1.54381
31.831	1.55194
31.841	1.55813
31.851	1.5622
31.861	1.56394
31.871	1.56316
31.881	1.55969
31.891	1.55337
31.901	1.54402
31.911	1.53152
31.921	1.51573
31.931	1.49654
31.941	1.47383
31.951	1.44751
31.961	1.41752
31.971	1.38378
31.981	1.34625
31.991	1.3049
32.001	1.25971
32.011	1.21069
32.021	1.15784
32.031	1.10119
32.041	1.0408
32.051	0.976712
32.061	0.909013
32.071	0.837791
32.081	0.763149
32.091	0.685206
32.101	0.604095
32.111	0.51996
32.121	0.432959
32.131	0.343262
32.141	0.251051
32.151	0.156516
32.161	0.0598596
32.171	-0.0387081
32.181	-0.138968
32.191	-0.240693
32.201	-0.343651
32.211	-0.447603
32.221	-0.552305
32.231	-0.65751
32.241	-0.762967
32.251	-0.868424
32.261	-0.973628
32.271	-1.07833
32.281	-1.18226
32.291	-1.28519
32.301	-1.38687
32.311	-1.48704
32.321	-1.58548
32.331	-1.68194
32.341	-1.77621
32.351	-1.86806
32.361	-1.95728
32.371	-2.04367
32.381	-2.12705
32.391	-2.20722
32.401	-2.28403
32.411	-2.35731
32.421	-2.42692
32.431	-2.49272
32.441	-2.55461
32.451	-2.61248
32.461	-2.66623
32.471	-2.7158
32.481	-2.76112
32.491	-2.80215
32.501	-2.83887
32.511	-2.87126
32.521	-2.89932
32.531	-2.92308
32.541	-2.94256
32.551	-2.95783
32.561	-2.96894
32.571	-2.97597
32.581	-2.97902
32.591	-2.97819
32.601	-2.97362
32.611	-2.96544
32.621	-2.95378
32.631	-2.93883
32.641	-2.92074
32.651	-2.8997
32.661	-2.87591
32.671	-2.84957
32.681	-2.82089
32.691	-2.79008
32.701	-2.75737
32.711	-2.723
32.721	-2.68721
32.731	-2.65022
32.741	-2.61229
32.751	-2.57366
32.761	-2.53458
32.771	-2.4953
32.781	-2.45605
32.791	-2.4171
32.801	-2.37867
32.811	-2.34101
32.821	-2.30435
32.831	-2.26891
32.841	-2.23493
32.851	-2.20261
32.861	-2.17216
32.871	-2.14377
32.881	-2.11764
32.891	-2.09394
32.901	-2.07283
32.911	-2.05448
32.921	-2.03901
32.931	-2.02656
32.941	-2.01725
32.951	-2.01116
32.961	-2.0084
32.971	-2.00902
32.981	-2.0131
32.991	-2.02066
33.001	-2.03173
33.011	-2.04633
33.021	-2.06445
33.031	-2.08607
33.041	-2.11115
33.051	-2.13964
33.061	-2.17147
33.071	-2.20657
33.081	-2.24484
33.091	-2.28616
33.101	-2.33042
33.111	-2.37748
33.121	-2.42718
33.131	-2.47938
33.141	-2.53389
33.151	-2.59053
33.161	-2.64911
33.171	-2.70943
33.181	-2.77127
33.191	-2.83442
33.201	-2.89865
33.211	-2.96374
33.221	-3.02944
33.231	-3.09552
33.241	-3.16174
33.251	-3.22784
33.261	-3.29359
33.271	-3.35874
33.281	-3.42305
33.291	-3.48626
33.301	-3.54815
33.311	-3.60848
33.321	-3.66701
33.331	-3.72351
33.341	-3.77778
33.351	-3.8296
33.361	-3.87876
33.371	-3.92508
33.381	-3.96836
33.391	-4.00843
33.401	-4.04513
33.411	-4.07832
33.421	-4.10785
33.431	-4.13359
33.441	-4.15544
33.451	-4.1733
33.461	-4.18709
33.471	-4.19674
33.481	-4.2022
33.491	-4.20343
33.501	-4.2004
33.511	-4.19312
33.521	-4.18159
33.531	-4.16583
33.541	-4.14589
33.551	-4.12183
33.561	-4.0937
33.571	-4.06161
33.581	-4.02565
33.591	-3.98592
33.601	-3.94257
33.611	-3.89574
33.621	-3.84557
33.631	-3.79223
33.641	-3.73591
33.651	-3.67678
33.661	-3.61506
33.671	-3.55093
33.681	-3.48463
33.691	-3.41638
33.701	-3.3464
33.711	-3.27493
33.721	-3.20221
33.731	-3.12849
33.741	-3.05402
33.751	-2.97904
33.761	-2.90381
33.771	-2.82858
33.781	-2.75359
33.791	-2.67911
33.801	-2.60537
33.811	-2.53261
33.821	-2.46108
33.831	-2.391
33.841	-2.3226
33.851	-2.2561
33.861	-2.1917
33.871	-2.12962
33.881	-2.07003
33.891	-2.01312
33.901	-1.95905
33.911	-1.90799
33.921	-1.86008
33.931	-1.81545
33.941	-1.77421
33.951	-1.73647
33.961	-1.70233
33.971	-1.67184
33.981	-1.64508
33.991	-1.62208
34.001	-1.60288
34.011	-1.58749
34.021	-1.5759
34.031	-1.5681
34.041	-1.56405
34.051	-1.5637
34.061	-1.567
34.071	-1.57385
34.081	-1.58418
34.091	-1.59786
34.101	-1.61478
34.111	-1.63481
34.121	-1.65779
34.131	-1.68357
34.141	-1.71198
34.151	-1.74283
34.161	-1.77594
34.171	-1.8111
34.181	-1.8481
34.191	-1.88673
34.201	-1.92676
34.211	-1.96797
34.221	-2.01012
34.231	-2.05297
34.241	-2.09628
34.251	-2.13981
34.261	-2.18331
34.271	-2.22654
34.281	-2.26926
34.291	-2.31121
34.301	-2.35218
34.311	-2.39191
34.321	-2.43017
34.331	-2.46676
34.341	-2.50143
34.351	-2.53399
34.361	-2.56423
34.371	-2.59196
34.381	-2.617
34.391	-2.63916
34.401	-2.65829
34.411	-2.67424
34.421	-2.68687
34.431	-2.69606
34.441	-2.70169
34.451	-2.70368
34.461	-2.70192
34.471	-2.69637
34.481	-2.68696
34.491	-2.67366
34.501	-2.65645
34.511	-2.63532
34.521	-2.61027
34.531	-2.58134
34.541	-2.54857
34.551	-2.512
34.561	-2.47172
34.571	-2.4278
34.581	-2.38034
34.591	-2.32946
34.601	-2.27529
34.611	-2.21797
34.621	-2.15765
34.631	-2.09449
34.641	-2.02868
34.651	-1.9604
34.661	-1.88984
34.671	-1.81722
34.681	-1.74275
34.691	-1.66665
34.701	-1.58916
34.711	-1.5105
34.721	-1.43092
34.731	-1.35066
34.741	-1.26997
34.751	-1.18909
34.761	-1.10829
34.771	-1.0278
34.781	-0.947875
34.791	-0.868767
34.801	-0.790718
34.811	-0.713968
34.821	-0.638754
34.831	-0.565305
34.841	-0.493847
34.851	-0.424594
34.861	-0.357755
34.871	-0.293528
34.881	-0.232104
34.891	-0.173659
34.901	-0.118362
34.911	-0.0663676
34.921	-0.017818
34.931	0.0271571
34.941	0.068442
34.951	0.105935
34.961	0.139549
34.971	0.169211
34.981	0.194863
34.991	0.216465
35.001	0.233989
35.011	0.247424
35.021	0.256775
35.031	0.262062
35.041	0.263321
35.051	0.260602
35.061	0.253972
35.071	0.243512
35.081	0.229317
35.091	0.211496
35.101	0.190175
35.111	0.165488
35.121	0.137586
35.131	0.106629
35.141	0.0727914
35.151	0.0362559
35.161	-0.00278363
35.171	-0.0441242
35.181	-0.0875545
35.191	-0.132855
35.201	-0.179801
35.211	-0.228161
35.221	-0.277697
35.231	-0.328169
35.241	-0.379334
35.251	-0.430946
35.261	-0.482759
35.271	-0.534525
35.281	-0.585998
35.291	-0.636934
35.301	-0.687093
35.311	-0.736235
35.321	-0.784129
35.331	-0.830547
35.341	-0.875268
35.351	-0.918078
35.361	-0.958773
35.371	-0.997156
35.381	-1.03304
35.391	-1.06625
35.401	-1.09663
35.411	-1.12401
35.421	-1.14826
35.431	-1.16925
35.441	-1.18688
35.451	-1.20103
35.461	-1.21162
35.471	-1.21859
35.481	-1.22188
35.491	-1.22145
35.501	-1.21727
35.511	-1.20934
35.521	-1.19766
35.531	-1.18226
35.541	-1.16316
35.551	-1.14043
35.561	-1.11414
35.571	-1.08435
35.581	-1.05118
35.591	-1.01474
35.601	-0.975139
35.611	-0.932528
35.621	-0.887055
35.631	-0.838882
35.641	-0.788183
35.651	-0.735145
35.661	-0.67996
35.671	-0.622834
35.681	-0.56398
35.691	-0.503616
35.701	-0.441971
35.711	-0.379276
35.721	-0.31577
35.731	-0.251693
35.741	-0.18729
35.751	-0.122807
35.761	-0.0584927
35.771	0.00540631
35.781	0.0686432
35.791	0.130973
35.801	0.192154
35.811	0.251948
35.821	0.310121
35.831	0.366446
35.841	0.420701
35.851	0.472674
35.861	0.522157
35.871	0.568956
35.881	0.612883
35.891	0.653762
35.901	0.69143
35.911	0.725733
35.921	0.756531
35.931	0.783698
35.941	0.80712
35.951	0.826698
35.961	0.842346
35.971	0.853996
35.981	0.861592
35.991	0.865094
36.001	0.864479
36.011	0.859738
36.021	0.850877
36.031	0.83792
36.041	0.820904
36.051	0.799883
36.061	0.774926
36.071	0.746115
36.081	0.713549
36.091	0.67734
36.101	0.637613
36.111	0.594507
36.121	0.548175
36.131	0.49878
36.141	0.446497
36.151	0.391512
36.161	0.33402
36.171	0.274229
36.181	0.212349
36.191	0.148604
36.201	0.0832215
36.211	0.0164345
36.221	-0.0515179
36.231	-0.120393
36.241	-0.189945
36.251	-0.259926
36.261	-0.330087
36.271	-0.400179
36.281	-0.469954
36.291	-0.539165
36.301	-0.60757
36.311	-0.674928
36.321	-0.741005
36.331	-0.80557
36.341	-0.868402
36.351	-0.929284
36.361	-0.98801
36.371	-1.04438
36.381	-1.09821
36.391	-1.14932
36.401	-1.19754
36.411	-1.24271
36.421	-1.28471
36.431	-1.32339
36.441	-1.35864
36.451	-1.39037
36.461	-1.41847
36.471	-1.44289
36.481	-1.46357
36.491	-1.48046
36.501	-1.49353
36.511	-1.50278
36.521	-1.50821
36.531	-1.50984
36.541	-1.50771
36.551	-1.50187
36.561	-1.49238
36.571	-1.47932
36.581	-1.4628
36.591	-1.44292
36.601	-1.4198
36.611	-1.39358
36.621	-1.3644
36.631	-1.33244
36.641	-1.29787
36.651	-1.26086
36.661	-1.22161
36.671	-1.18032
36.681	-1.1372
36.691	-1.09248
36.701	-1.04638
36.711	-0.99912
36.721	-0.950949
36.731	-0.902102
36.741	-0.852823
36.751	-0.803357
36.761	-0.75395
36.771	-0.704848
36.781	-0.656297
36.791	-0.608539
36.801	-0.561816
36.811	-0.516365
36.821	-0.472417
36.831	-0.4302
36.841	-0.389933
36.851	-0.351828
36.861	-0.316091
36.871	-0.282915
36.881	-0.252487
36.891	-0.224982
36.901	-0.200562
36.911	-0.179379
36.921	-0.161572
36.931	-0.147268
36.941	-0.136578
36.951	-0.1296
36.961	-0.126419
36.971	-0.127103
36.981	-0.131707
36.991	-0.140268
37.001	-0.152811
37.011	-0.169342
37.021	-0.189854
37.031	-0.214324
37.041	-0.242712
37.051	-0.274964
37.061	-0.311012
37.071	-0.35077
37.081	-0.39414
37.091	-0.441009
37.101	-0.491251
37.111	-0.544726
37.121	-0.601281
37.131	-0.660753
37.141	-0.722965
37.151	-0.78773
37.161	-0.854853
37.171	-0.924126
37.181	-0.995337
37.191	-1.06826
37.201	-1.14267
37.211	-1.21834
37.221	-1.29502
37.231	-1.37246
37.241	-1.45043
37.251	-1.52868
37.261	-1.60695
37.271	-1.68499
37.281	-1.76257
37.291	-1.83942
37.301	-1.91532
37.311	-1.99001
37.321	-2.06326
37.331	-2.13484
37.341	-2.20453
37.351	-2.27211
37.361	-2.33738
37.371	-2.40013
37.381	-2.46019
37.391	-2.51736
37.401	-2.57149
37.411	-2.62241
37.421	-2.67
37.431	-2.7141
37.441	-2.75463
37.451	-2.79146
37.461	-2.82451
37.471	-2.85372
37.481	-2.87902
37.491	-2.90038
37.501	-2.91775
37.511	-2.93115
37.521	-2.94056
37.531	-2.94602
37.541	-2.94755
37.551	-2.94521
37.561	-2.93906
37.571	-2.92919
37.581	-2.91568
37.591	-2.89866
37.601	-2.87824
37.611	-2.85455
37.621	-2.82776
37.631	-2.79802
37.641	-2.7655
37.651	-2.73039
37.661	-2.69288
37.671	-2.65317
37.681	-2.61148
37.691	-2.56802
37.701	-2.52301
37.711	-2.4767
37.721	-2.42932
37.731	-2.3811
37.741	-2.33229
37.751	-2.28314
37.761	-2.23389
37.771	-2.18479
37.781	-2.13608
37.791	-2.08801
37.801	-2.04082
37.811	-1.99475
37.821	-1.95003
37.831	-1.90688
37.841	-1.86553
37.851	-1.82618
37.861	-1.78905
37.871	-1.75434
37.881	-1.72221
37.891	-1.69286
37.901	-1.66644
37.911	-1.64311
37.921	-1.62301
37.931	-1.60626
37.941	-1.59297
37.951	-1.58325
37.961	-1.57718
37.971	-1.57483
37.981	-1.57625
37.991	-1.58148
38.001	-1.59055
38.011	-1.60346
38.021	-1.62021
38.031	-1.64077
38.041	-1.66511
38.051	-1.69318
38.061	-1.72489
38.071	-1.76018
38.081	-1.79894
38.091	-1.84106
38.101	-1.88642
38.111	-1.93487
38.121	-1.98626
38.131	-2.04044
38.141	-2.09722
38.151	-2.15642
38.161	-2.21784
38.171	-2.28129
38.181	-2.34653
38.191	-2.41337
38.201	-2.48156
38.211	-2.55087
38.221	-2.62106
38.231	-2.6919
38.241	-2.76314
38.251	-2.83452
38.261	-2.90581
38.271	-2.97675
38.281	-3.04709
38.291	-3.1166
38.301	-3.18501
38.311	-3.25211
38.321	-3.31765
38.331	-3.3814
38.341	-3.44314
38.351	-3.50266
38.361	-3.55975
38.371	-3.61421
38.381	-3.66586
38.391	-3.71451
38.401	-3.76001
38.411	-3.8022
38.421	-3.84093
38.431	-3.87608
38.441	-3.90754
38.451	-3.93521
38.461	-3.95899
38.471	-3.97882
38.481	-3.99464
38.491	-4.00641
38.501	-4.01411
38.511	-4.01772
38.521	-4.01725
38.531	-4.01273
38.541	-4.00419
38.551	-3.99168
38.561	-3.97527
38.571	-3.95504
38.581	-3.93109
38.591	-3.90352
38.601	-3.87247
38.611	-3.83808
38.621	-3.80048
38.631	-3.75985
38.641	-3.71636
38.651	-3.67019
38.661	-3.62154
38.671	-3.57061
38.681	-3.51762
38.691	-3.46278
38.701	-3.40632
38.711	-3.34848
38.721	-3.28948
38.731	-3.22958
38.741	-3.16902
38.751	-3.10804
38.761	-3.04689
38.771	-2.98582
38.781	-2.92508
38.791	-2.8649
38.801	-2.80554
38.811	-2.74724
38.821	-2.69022
38.831	-2.63471
38.841	-2.58094
38.851	-2.52912
38.861	-2.47945
38.871	-2.43214
38.881	-2.38736
38.891	-2.34531
38.901	-2.30613
38.911	-2.26999
38.921	-2.23702
38.931	-2.20736
38.941	-2.18111
38.951	-2.15838
38.961	-2.13926
38.971	-2.12381
38.981	-2.11208
38.991	-2.10413
39.001	-2.09997
39.011	-2.09962
39.021	-2.10306
39.031	-2.11029
39.041	-2.12125
39.051	-2.1359
39.061	-2.15417
39.071	-2.17598
39.081	-2.20123
39.091	-2.22981
39.101	-2.2616
39.111	-2.29645
39.121	-2.33423
39.131	-2.37475
39.141	-2.41786
39.151	-2.46337
39.161	-2.51108
39.171	-2.56079
39.181	-2.61229
39.191	-2.66535
39.201	-2.71975
39.211	-2.77526
39.221	-2.83164
39.231	-2.88865
39.241	-2.94605
39.251	-3.00359
39.261	-3.06101
39.271	-3.11809
39.281	-3.17456
39.291	-3.23018
39.301	-3.28472
39.311	-3.33793
39.321	-3.38958
39.331	-3.43945
39.341	-3.48731
39.351	-3.53294
39.361	-3.57615
39.371	-3.61674
39.381	-3.65451
39.391	-3.68931
39.401	-3.72095
39.411	-3.74929
39.421	-3.77418
39.431	-3.79551
39.441	-3.81316
39.451	-3.82702
39.461	-3.83702
39.471	-3.84308
39.481	-3.84515
39.491	-3.84319
39.501	-3.83718
39.511	-3.8271
39.521	-3.81297
39.531	-3.7948
39.541	-3.77263
39.551	-3.74653
39.561	-3.71655
39.571	-3.68277
39.581	-3.64531
39.591	-3.60426
39.601	-3.55976
39.611	-3.51194
39.621	-3.46096
39.631	-3.40697
39.641	-3.35016
39.651	-3.29071
39.661	-3.22881
39.671	-3.16468
39.681	-3.09851
39.691	-3.03055
39.701	-2.961
39.711	-2.89011
39.721	-2.81812
39.731	-2.74526
39.741	-2.67179
39.751	-2.59795
39.761	-2.52398
39.771	-2.45015
39.781	-2.37669
39.791	-2.30385
39.801	-2.23188
39.811	-2.16101
39.821	-2.09148
39.831	-2.02352
39.841	-1.95735
39.851	-1.89319
39.861	-1.83124
39.871	-1.7717
39.881	-1.71476
39.891	-1.6606
39.901	-1.60938
39.911	-1.56125
39.921	-1.51637
39.931	-1.47485
39.941	-1.43681
39.951	-1.40236
39.961	-1.37158
39.971	-1.34454
39.981	-1.32129
39.991	-1.30189
40.001	-1.28635
40.011	-1.27468
40.021	-1.26689
40.031	-1.26294
40.041	-1.26281
40.051	-1.26644
40.061	-1.27377
40.071	-1.28471
40.081	-1.29917
40.091	-1.31703
40.101	-1.33818
40.111	-1.36248
40.121	-1.38978
40.131	-1.41991
40.141	-1.45271
40.151	-1.48798
40.161	-1.52554
40.171	-1.56518
40.181	-1.60669
40.191	-1.64986
40.201	-1.69445
40.211	-1.74023
40.221	-1.78697
40.231	-1.83443
40.241	-1.88236
40.251	-1.93052
40.261	-1.97867
40.271	-2.02655
40.281	-2.07391
40.291	-2.12053
40.301	-2.16614
40.311	-2.21053
40.321	-2.25344
40.331	-2.29467
40.341	-2.33398
40.351	-2.37116
40.361	-2.40602
40.371	-2.43834
40.381	-2.46796
40.391	-2.49468
40.401	-2.51836
40.411	-2.53883
40.421	-2.55596
40.431	-2.56961
40.441	-2.57969
40.451	-2.58608
40.461	-2.58871
40.471	-2.58751
40.481	-2.58241
40.491	-2.57339
40.501	-2.56041
40.511	-2.54347
40.521	-2.52258
40.531	-2.49776
40.541	-2.46905
40.551	-2.4365
40.561	-2.40018
40.571	-2.36018
40.581	-2.31659
40.591	-2.26952
40.601	-2.21911
40.611	-2.16548
40.621	-2.1088
40.631	-2.04922
40.641	-1.98693
40.651	-1.9221
40.661	-1.85494
40.671	-1.78564
40.681	-1.71443
40.691	-1.64153
40.701	-1.56715
40.711	-1.49155
40.721	-1.41494
40.731	-1.33759
40.741	-1.25973
40.751	-1.18161
40.761	-1.10348
40.771	-1.02559
40.781	-0.948182
40.791	-0.871513
40.801	-0.79582
40.811	-0.721344
40.821	-0.64832
40.831	-0.576977
40.841	-0.507537
40.851	-0.440216
40.861	-0.375221
40.871	-0.312751
40.881	-0.252992
40.891	-0.196123
40.901	-0.142309
40.911	-0.0917058
40.921	-0.0444542
40.931	-0.000683104
40.941	0.0394925
40.951	0.0759717
40.961	0.108668
40.971	0.137509
40.981	0.162439
40.991	0.183417
41.001	0.200415
41.011	0.213424
41.021	0.22245
41.031	0.227512
41.041	0.228647
41.051	0.225906
41.061	0.219357
41.071	0.20908
41.081	0.195172
41.091	0.177742
41.101	0.156915
41.111	0.132828
41.121	0.10563
41.131	0.0754828
41.141	0.0425601
41.151	0.00704569
41.161	-0.0308666
41.171	-0.0709734
41.181	-0.113063
41.191	-0.156917
41.201	-0.202308
41.211	-0.249006
41.221	-0.296773
41.231	-0.345368
41.241	-0.394549
41.251	-0.444069
41.261	-0.493682
41.271	-0.54314
41.281	-0.592197
41.291	-0.64061
41.301	-0.688137
41.311	-0.73454
41.321	-0.779586
41.331	-0.823049
41.341	-0.864707
41.351	-0.904348
41.361	-0.941765
41.371	-0.976764
41.381	-1.00916
41.391	-1.03877
41.401	-1.06544
41.411	-1.08901
41.421	-1.10934
41.431	-1.12631
41.441	-1.13981
41.451	-1.14973
41.461	-1.15598
41.471	-1.15851
41.481	-1.15725
41.491	-1.15217
41.501	-1.14324
41.511	-1.13045
41.521	-1.11381
41.531	-1.09334
41.541	-1.06908
41.551	-1.04109
41.561	-1.00942
41.571	-0.974176
41.581	-0.935441
41.591	-0.893332
41.601	-0.847972
41.611	-0.799502
41.621	-0.748071
41.631	-0.693845
41.641	-0.636998
41.651	-0.577715
41.661	-0.516192
41.671	-0.452634
41.681	-0.387255
41.691	-0.320274
41.701	-0.251919
41.711	-0.182425
41.721	-0.112028
41.731	-0.0409721
41.741	0.0304985
41.751	0.102136
41.761	0.173693
41.771	0.24492
41.781	0.31557
41.791	0.385397
41.801	0.454159
41.811	0.521615
41.821	0.587533
41.831	0.651683
41.841	0.713844
41.851	0.7738
41.861	0.831345
41.871	0.886281
41.881	0.938422
41.891	0.987591
41.901	1.03362
41.911	1.07636
41.921	1.11566
41.931	1.15141
41.941	1.18348
41.951	1.21177
41.961	1.2362
41.971	1.2567
41.981	1.27321
41.991	1.28569
42.001	1.29412
42.011	1.29848
42.021	1.29879
42.031	1.29506
42.041	1.28732
42.051	1.27564
42.061	1.26008
42.071	1.24072
42.081	1.21766
42.091	1.19101
42.101	1.16089
42.111	1.12745
42.121	1.09082
42.131	1.05118
42.141	1.0087
42.151	0.963566
42.161	0.915967
42.171	0.866109
42.181	0.814206
42.191	0.760478
42.201	0.70515
42.211	0.648455
42.221	0.590632
42.231	0.531921
42.241	0.472567
42.251	0.412817
42.261	0.352917
42.271	0.293117
42.281	0.233661
42.291	0.174797
42.301	0.116765
42.311	0.0598041
42.321	0.00414812
42.331	-0.0499749
42.341	-0.102344
42.351	-0.152744
42.361	-0.200969
42.371	-0.246824
42.381	-0.29012
42.391	-0.330682
42.401	-0.368344
42.411	-0.402953
42.421	-0.434368
42.431	-0.462463
42.441	-0.487123
42.451	-0.508248
42.461	-0.525753
42.471	-0.539566
42.481	-0.549633
42.491	-0.555913
42.501	-0.558381
42.511	-0.557027
42.521	-0.551858
42.531	-0.542896
42.541	-0.530177
42.551	-0.513754
42.561	-0.493694
42.571	-0.470081
42.581	-0.443011
42.591	-0.412594
42.601	-0.378956
42.611	-0.342235
42.621	-0.30258
42.631	-0.260155
42.641	-0.215134
42.651	-0.167702
42.661	-0.118052
42.671	-0.0663902
42.681	-0.0129275
42.691	0.0421156
42.701	0.0985126
42.711	0.156031
42.721	0.214433
42.731	0.273478
42.741	0.332921
42.751	0.392516
42.761	0.452015
42.771	0.511171
42.781	0.569737
42.791	0.627468
42.801	0.684123
42.811	0.739463
42.821	0.793254
42.831	0.845269
42.841	0.895287
42.851	0.943094
42.861	0.988484
42.871	1.03126
42.881	1.07124
42.891	1.10824
42.901	1.1421
42.911	1.17267
42.921	1.1998
42.931	1.22337
42.941	1.24327
42.951	1.25939
42.961	1.27166
42.971	1.28
42.981	1.28435
42.991	1.28468
43.001	1.28096
43.011	1.27318
43.021	1.26136
43.031	1.2455
43.041	1.22565
43.051	1.20187
43.061	1.17422
43.071	1.14278
43.081	1.10765
43.091	1.06895
43.101	1.02679
43.111	0.981322
43.121	0.932691
43.131	0.881062
43.141	0.82661
43.151	0.76952
43.161	0.709987
43.171	0.648217
43.181	0.584422
43.191	0.518823
43.201	0.451648
43.211	0.383131
43.221	0.313509
43.231	0.243025
43.241	0.171923
43.251	0.100452
43.261	0.02886
43.271	-0.0426051
43.281	-0.113695
43.291	-0.184165
43.301	-0.253771
43.311	-0.322274
43.321	-0.38944
43.331	-0.45504
43.341	-0.518852
43.351	-0.58066
43.361	-0.640258
43.371	-0.697449
43.381	-0.752045
43.391	-0.803868
43.401	-0.852753
43.411	-0.898545
43.421	-0.941105
43.431	-0.980302
43.441	-1.01602
43.451	-1.04817
43.461	-1.07665
43.471	-1.10139
43.481	-1.12235
43.491	-1.13947
43.501	-1.15273
43.511	-1.16213
43.521	-1.16766
43.531	-1.16935
43.541	-1.16724
43.551	-1.16137
43.561	-1.15182
43.571	-1.13866
43.581	-1.12199
43.591	-1.10193
43.601	-1.07859
43.611	-1.05211
43.621	-1.02265
43.631	-0.990357
43.641	-0.955415
43.651	-0.918006
43.661	-0.878322
43.671	-0.836569
43.681	-0.792956
43.691	-0.747705
43.701	-0.70104
43.711	-0.653193
43.721	-0.604402
43.731	-0.554907
43.741	-0.504952
43.751	-0.454782
43.761	-0.404644
43.771	-0.354786
43.781	-0.305454
43.791	-0.256891
43.801	-0.209339
43.811	-0.163036
43.821	-0.118214
43.831	-0.0751011
43.841	-0.0339176
43.851	0.00512314
43.861	0.0418162
43.871	0.0759655
43.881	0.107385
43.891	0.1359
43.901	0.161345
43.911	0.183568
43.921	0.20243
43.931	0.217804
43.941	0.229577
43.951	0.23765
43.961	0.241939
43.971	0.242374
43.981	0.2389
43.991	0.231477
44.001	0.220083
44.011	0.204708
44.021	0.18536
44.031	0.162062
44.041	0.134851
44.051	0.103781
44.061	0.0689215
44.071	0.030355
44.081	-0.0118202
44.091	-0.0574919
44.101	-0.106534
44.111	-0.158808
44.121	-0.214163
44.131	-0.272433
44.141	-0.333444
44.151	-0.397011
44.161	-0.462936
44.171	-0.531016
44.181	-0.601036
44.191	-0.672776
44.201	-0.746007
44.211	-0.820496
44.221	-0.896004
44.231	-0.972288
44.241	-1.0491
44.251	-1.1262
44.261	-1.20333
44.271	-1.28025
44.281	-1.35671
44.291	-1.43246
44.301	-1.50725
44.311	-1.58086
44.321	-1.65304
44.331	-1.72356
44.341	-1.79221
44.351	-1.85876
44.361	-1.92302
44.371	-1.98477
44.381	-2.04384
44.391	-2.10005
44.401	-2.15323
44.411	-2.20323
44.421	-2.2499
44.431	-2.29312
44.441	-2.33277
44.451	-2.36875
44.461	-2.40097
44.471	-2.42937
44.481	-2.45389
44.491	-2.47448
44.501	-2.49112
44.511	-2.50379
44.521	-2.51252
44.531	-2.5173
44.541	-2.51819
44.551	-2.51523
44.561	-2.50849
44.571	-2.49806
44.581	-2.48402
44.591	-2.46648
44.601	-2.44558
44.611	-2.42145
44.621	-2.39423
44.631	-2.3641
44.641	-2.33122
44.651	-2.29578
44.661	-2.25796
44.671	-2.21799
44.681	-2.17606
44.691	-2.13239
44.701	-2.08722
44.711	-2.04077
44.721	-1.99328
44.731	-1.94499
44.741	-1.89615
44.751	-1.84699
44.761	-1.79778
44.771	-1.74874
44.781	-1.70014
44.791	-1.65221
44.801	-1.6052
44.811	-1.55935
44.821	-1.51487
44.831	-1.47202
44.841	-1.43099
44.851	-1.39202
44.861	-1.3553
44.871	-1.32102
44.881	-1.28938
44.891	-1.26056
44.901	-1.2347
44.911	-1.21198
44.921	-1.19252
44.931	-1.17645
44.941	-1.16389
44.951	-1.15494
44.961	-1.14968
44.971	-1.14818
44.981	-1.15049
44.991	-1.15666
45.001	-1.1667
45.011	-1.18064
45.021	-1.19845
45.031	-1.22012
45.041	-1.24561
45.051	-1.27487
45.061	-1.30782
45.071	-1.34439
45.081	-1.38448
45.091	-1.42797
45.101	-1.47474
45.111	-1.52465
45.121	-1.57755
45.131	-1.63327
45.141	-1.69164
45.151	-1.75248
45.161	-1.81559
45.171	-1.88076
45.181	-1.94778
45.191	-2.01644
45.201	-2.08649
45.211	-2.15771
45.221	-2.22987
45.231	-2.30271
45.241	-2.37599
45.251	-2.44947
45.261	-2.5229
45.271	-2.59603
45.281	-2.6686
45.291	-2.74038
45.301	-2.81113
45.311	-2.88059
45.321	-2.94855
45.331	-3.01476
45.341	-3.07902
45.351	-3.14109
45.361	-3.20078
45.371	-3.25789
45.381	-3.31223
45.391	-3.36363
45.401	-3.41191
45.411	-3.45693
45.421	-3.49854
45.431	-3.53661
45.441	-3.57104
45.451	-3.60172
45.461	-3.62856
45.471	-3.65149
45.481	-3.67047
45.491	-3.68543
45.501	-3.69637
45.511	-3.70327
45.521	-3.70614
45.531	-3.70499
45.541	-3.69987
45.551	-3.69082
45.561	-3.67792
45.571	-3.66125
45.581	-3.64089
45.591	-3.61697
45.601	-3.58961
45.611	-3.55894
45.621	-3.52512
45.631	-3.4883
45.641	-3.44867
45.651	-3.4064
45.661	-3.3617
45.671	-3.31475
45.681	-3.26579
45.691	-3.21502
45.701	-3.16267
45.711	-3.10898
45.721	-3.05418
45.731	-2.99851
45.741	-2.94223
45.751	-2.88556
45.761	-2.82877
45.771	-2.7721
45.781	-2.71579
45.791	-2.6601
45.801	-2.60525
45.811	-2.5515
45.821	-2.49907
45.831	-2.4482
45.841	-2.39909
45.851	-2.35198
45.861	-2.30706
45.871	-2.26452
45.881	-2.22457
45.891	-2.18736
45.901	-2.15308
45.911	-2.12186
45.921	-2.09386
45.931	-2.06919
45.941	-2.04798
45.951	-2.03031
45.961	-2.01629
45.971	-2.00597
45.981	-1.99941
45.991	-1.99666
46.001	-1.99773
46.011	-2.00264
46.021	-2.01138
46.031	-2.02393
46.041	-2.04025
46.051	-2.06029
46.061	-2.08398
46.071	-2.11124
46.081	-2.14197
46.091	-2.17606
46.101	-2.21338
46.111	-2.2538
46.121	-2.29717
46.131	-2.34332
46.141	-2.39207
46.151	-2.44325
46.161	-2.49666
46.171	-2.55209
46.181	-2.60934
46.191	-2.66818
46.201	-2.72838
46.211	-2.78971
46.221	-2.85194
46.231	-2.91482
46.241	-2.97811
46.251	-3.04156
46.261	-3.10492
46.271	-3.16795
46.281	-3.2304
46.291	-3.29203
46.301	-3.35258
46.311	-3.41183
46.321	-3.46954
46.331	-3.52548
46.341	-3.57943
46.351	-3.63117
46.361	-3.68051
46.371	-3.72724
46.381	-3.77117
46.391	-3.81214
46.401	-3.84997
46.411	-3.88451
46.421	-3.91563
46.431	-3.94319
46.441	-3.96708
46.451	-3.9872
46.461	-4.00347
46.471	-4.01581
46.481	-4.02417
46.491	-4.02852
46.501	-4.02881
46.511	-4.02506
46.521	-4.01725
46.531	-4.00542
46.541	-3.98961
46.551	-3.96985
46.561	-3.94623
46.571	-3.91883
46.581	-3.88774
46.591	-3.85307
46.601	-3.81495
46.611	-3.77352
46.621	-3.72893
46.631	-3.68135
46.641	-3.63093
46.651	-3.57788
46.661	-3.52239
46.671	-3.46466
46.681	-3.4049
46.691	-3.34334
46.701	-3.2802
46.711	-3.21572
46.721	-3.15013
46.731	-3.08367
46.741	-3.0166
46.751	-2.94915
46.761	-2.88158
46.771	-2.81414
46.781	-2.74706
46.791	-2.6806
46.801	-2.61501
46.811	-2.55051
46.821	-2.48734
46.831	-2.42574
46.841	-2.36592
46.851	-2.3081
46.861	-2.25248
46.871	-2.19926
46.881	-2.14864
46.891	-2.10078
46.901	-2.05585
46.911	-2.01401
46.921	-1.9754
46.931	-1.94014
46.941	-1.90835
46.951	-1.88013
46.961	-1.85557
46.971	-1.83473
46.981	-1.81768
46.991	-1.80445
47.001	-1.79508
47.011	-1.78956
47.021	-1.78789
47.031	-1.79006
47.041	-1.79603
47.051	-1.80573
47.061	-1.81912
47.071	-1.8361
47.081	-1.85658
47.091	-1.88045
47.101	-1.90758
47.111	-1.93784
47.121	-1.97108
47.131	-2.00713
47.141	-2.04582
47.151	-2.08697
47.161	-2.13037
47.171	-2.17584
47.181	-2.22316
47.191	-2.2721
47.201	-2.32245
47.211	-2.37396
47.221	-2.4264
47.231	-2.47954
47.241	-2.53312
47.251	-2.58691
47.261	-2.64065
47.271	-2.69409
47.281	-2.747
47.291	-2.79912
47.301	-2.85022
47.311	-2.90006
47.321	-2.9484
47.331	-2.99502
47.341	-3.03969
47.351	-3.0822
47.361	-3.12236
47.371	-3.15995
47.381	-3.1948
47.391	-3.22673
47.401	-3.25557
47.411	-3.28118
47.421	-3.30341
47.431	-3.32213
47.441	-3.33724
47.451	-3.34863
47.461	-3.35622
47.471	-3.35994
47.481	-3.35973
47.491	-3.35556
47.501	-3.3474
47.511	-3.33524
47.521	-3.31909
47.531	-3.29898
47.541	-3.27493
47.551	-3.24701
47.561	-3.21528
47.571	-3.17982
47.581	-3.14074
47.591	-3.09814
47.601	-3.05216
47.611	-3.00292
47.621	-2.95059
47.631	-2.89532
47.641	-2.83729
47.651	-2.77669
47.661	-2.71371
47.671	-2.64855
47.681	-2.58144
47.691	-2.51259
47.701	-2.44222
47.711	-2.37058
47.721	-2.2979
47.731	-2.22443
47.741	-2.1504
47.751	-2.07607
47.761	-2.00169
47.771	-1.9275
47.781	-1.85376
47.791	-1.7807
47.801	-1.70857
47.811	-1.63761
47.821	-1.56806
47.831	-1.50015
47.841	-1.43409
47.851	-1.3701
47.861	-1.30839
47.871	-1.24916
47.881	-1.1926
47.891	-1.13887
47.901	-1.08816
47.911	-1.0406
47.921	-0.996352
47.931	-0.955534
47.941	-0.918262
47.951	-0.884639
47.961	-0.85475
47.971	-0.828667
47.981	-0.806446
47.991	-0.788129
48.001	-0.773741
48.011	-0.763293
48.021	-0.756779
48.031	-0.754179
48.041	-0.755455
48.051	-0.760558
48.061	-0.769419
48.071	-0.781957
48.081	-0.798076
48.091	-0.817666
48.101	-0.840603
48.111	-0.86675
48.121	-0.895957
48.131	-0.928061
48.141	-0.962891
48.151	-1.00026
48.161	-1.03998
48.171	-1.08184
48.181	-1.12563
48.191	-1.17114
48.201	-1.21813
48.211	-1.26637
48.221	-1.31564
48.231	-1.36568
48.241	-1.41626
48.251	-1.46712
48.261	-1.51802
48.271	-1.56872
48.281	-1.61897
48.291	-1.66852
48.301	-1.71713
48.311	-1.76456
48.321	-1.81059
48.331	-1.85499
48.341	-1.89752
48.351	-1.93799
48.361	-1.97618
48.371	-2.01191
48.381	-2.04497
48.391	-2.07521
48.401	-2.10245
48.411	-2.12654
48.421	-2.14734
48.431	-2.16472
48.441	-2.17858
48.451	-2.18881
48.461	-2.19533
48.471	-2.19807
48.481	-2.19697
48.491	-2.192
48.501	-2.18313
48.511	-2.17035
48.521	-2.15366
48.531	-2.1331
48.541	-2.1087
48.551	-2.08051
48.561	-2.04861
48.571	-2.01306
48.581	-1.97399
48.591	-1.93148
48.601	-1.88568
48.611	-1.83671
48.621	-1.78474
48.631	-1.72992
48.641	-1.67243
48.651	-1.61246
48.661	-1.55019
48.671	-1.48585
48.681	-1.41963
48.691	-1.35176
48.701	-1.28247
48.711	-1.21199
48.721	-1.14057
48.731	-1.06843
48.741	-0.995833
48.751	-0.92302
48.761	-0.850242
48.771	-0.777745
48.781	-0.705779
48.791	-0.634589
48.801	-0.564417
48.811	-0.495504
48.821	-0.428084
48.831	-0.362385
48.841	-0.29863
48.851	-0.237034
48.861	-0.177803
48.871	-0.121135
48.881	-0.0672183
48.891	-0.0162292
48.901	0.0316663
48.911	0.0763143
48.921	0.117573
48.931	0.155315
48.941	0.189426
48.951	0.219804
48.961	0.246364
48.971	0.269034
48.981	0.287759
48.991	0.302496
49.001	0.313222
49.011	0.319925
49.021	0.322611
49.031	0.321302
49.041	0.316034
49.051	0.306859
49.061	0.293844
49.071	0.277071
49.081	0.256637
49.091	0.232652
49.101	0.20524
49.111	0.174539
49.121	0.1407
49.131	0.103884
49.141	0.0642642
49.151	0.0220264
49.161	-0.0226357
49.171	-0.0695183
49.181	-0.118409
49.191	-0.169089
49.201	-0.221331
49.211	-0.274903
49.221	-0.329568
49.231	-0.385085
49.241	-0.441209
49.251	-0.497695
49.261	-0.554295
49.271	-0.610762
49.281	-0.666849
49.291	-0.722311
49.301	-0.776907
49.311	-0.830399
49.321	-0.882553
49.331	-0.933141
49.341	-0.981942
49.351	-1.02874
49.361	-1.07334
49.371	-1.11553
49.381	-1.15513
49.391	-1.19197
49.401	-1.22588
49.411	-1.2567
49.421	-1.2843
49.431	-1.30855
49.441	-1.32934
49.451	-1.34656
49.461	-1.36014
49.471	-1.36999
49.481	-1.37607
49.491	-1.37834
49.501	-1.37677
49.511	-1.37134
49.521	-1.36208
49.531	-1.349
49.541	-1.33213
49.551	-1.31154
49.561	-1.28728
49.571	-1.25945
49.581	-1.22813
49.591	-1.19344
49.601	-1.15551
49.611	-1.11447
49.621	-1.07048
49.631	-1.02369
49.641	-0.974283
49.651	-0.922443
49.661	-0.868363
49.671	-0.81225
49.681	-0.754315
49.691	-0.694778
49.701	-0.633867
49.711	-0.571815
49.721	-0.508859
49.731	-0.445241
49.741	-0.381206
49.751	-0.317
49.761	-0.252871
49.771	-0.189067
49.781	-0.125836
49.791	-0.0634211
49.801	-0.00206604
49.811	0.057991
49.821	0.116516
49.831	0.173282
49.841	0.228065
49.851	0.280653
49.861	0.33084
49.871	0.378428
49.881	0.423231
49.891	0.465073
49.901	0.503787
49.911	0.539222
49.921	0.571237
49.931	0.599704
49.941	0.624509
49.951	0.645553
49.961	0.662751
49.971	0.676031
49.981	0.685339
49.991	0.690633
50.001	0.691891
50.011	0.689102
50.021	0.682272
50.031	0.671424
50.041	0.656596
50.051	0.637839
50.061	0.615223
50.071	0.588829
50.081	0.558755
50.091	0.525112
50.101	0.488026
50.111	0.447634
50.121	0.404088
50.131	0.357552
50.141	0.308198
50.151	0.256213
50.161	0.201792
50.171	0.14514
50.181	0.0864684
50.191	0.025999
50.201	-0.0360413
50.211	-0.0994193
50.221	-0.163897
50.231	-0.229233
50.241	-0.295181
50.251	-0.361495
50.261	-0.427927
50.271	-0.494227
50.281	-0.56015
50.291	-0.625449
50.301	-0.689882
50.311	-0.753209
50.321	-0.815196
50.331	-0.875616
50.341	-0.934245
50.351	-0.990869
50.361	-1.04528
50.371	-1.09728
50.381	-1.14669
50.391	-1.19333
50.401	-1.23702
50.411	-1.27762
50.421	-1.31499
50.431	-1.349
50.441	-1.37953
50.451	-1.40649
50.461	-1.42978
50.471	-1.44933
50.481	-1.4651
50.491	-1.47703
50.501	-1.48511
50.511	-1.48933
50.521	-1.48968
50.531	-1.48619
50.541	-1.47889
50.551	-1.46785
50.561	-1.45312
50.571	-1.43479
50.581	-1.41295
50.591	-1.38772
50.601	-1.35921
50.611	-1.32758
50.621	-1.29295
50.631	-1.25551
50.641	-1.21541
50.651	-1.17285
50.661	-1.12803
50.671	-1.08113
50.681	-1.03238
50.691	-0.981993
50.701	-0.930198
50.711	-0.877225
50.721	-0.823311
50.731	-0.768698
50.741	-0.713629
50.751	-0.658349
50.761	-0.603107
50.771	-0.548148
50.781	-0.49372
50.791	-0.440065
50.801	-0.387427
50.811	-0.336042
50.821	-0.286143
50.831	-0.237958
50.841	-0.191707
50.851	-0.147604
50.861	-0.105854
50.871	-0.0666527
50.881	-0.0301861
50.891	0.00337027
50.901	0.0338521
50.911	0.061107
50.921	0.0849955
50.931	0.105391
50.941	0.12218
50.951	0.135264
50.961	0.144558
50.971	0.149994
50.981	0.151515
50.991	0.149082
51.001	0.142673
51.011	0.132278
51.021	0.117905
51.031	0.0995755
51.041	0.0773291
51.051	0.0512187
51.061	0.0213133
51.071	-0.0123038
51.081	-0.0495345
51.091	-0.0902666
51.101	-0.134374
51.111	-0.181718
51.121	-0.232147
51.131	-0.285497
51.141	-0.341592
51.151	-0.400247
51.161	-0.461265
51.171	-0.524442
51.181	-0.589564
51.191	-0.656409
51.201	-0.724749
51.211	-0.794352
51.221	-0.864977
51.231	-0.936382
51.241	-1.00832
51.251	-1.08055
51.261	-1.15281
51.271	-1.22487
51.281	-1.29646
51.291	-1.36735
51.301	-1.43729
51.311	-1.50605
51.321	-1.57337
51.331	-1.63905
51.341	-1.70285
51.351	-1.76456
51.361	-1.82398
51.371	-1.8809
51.381	-1.93513
51.391	-1.9865
51.401	-2.03485
51.411	-2.08001
51.421	-2.12185
51.431	-2.16024
51.441	-2.19506
51.451	-2.22621
51.461	-2.25361
51.471	-2.27718
51.481	-2.29687
51.491	-2.31263
51.501	-2.32444
51.511	-2.33229
51.521	-2.33618
51.531	-2.33614
51.541	-2.33219
51.551	-2.3244
51.561	-2.31283
51.571	-2.29755
51.581	-2.27867
51.591	-2.2563
51.601	-2.23056
51.611	-2.20158
51.621	-2.16951
51.631	-2.13453
51.641	-2.09679
51.651	-2.05649
51.661	-2.01382
51.671	-1.96897
51.681	-1.92217
51.691	-1.87363
51.701	-1.82358
51.711	-1.77224
51.721	-1.71986
51.731	-1.66668
51.741	-1.61293
51.751	-1.55887
51.761	-1.50474
51.771	-1.45079
51.781	-1.39726
51.791	-1.34439
51.801	-1.29244
51.811	-1.24163
51.821	-1.1922
51.831	-1.14438
51.841	-1.09838
51.851	-1.05442
51.861	-1.01271
51.871	-0.97343
51.881	-0.93678
51.891	-0.90293
51.901	-0.872045
51.911	-0.844276
51.921	-0.819764
51.931	-0.798634
51.941	-0.781
51.951	-0.76696
51.961	-0.756598
51.971	-0.749985
51.981	-0.747173
51.991	-0.748204
52.001	-0.7531
52.011	-0.76187
52.021	-0.774506
52.031	-0.790986
52.041	-0.811271
52.051	-0.835307
52.061	-0.863027
52.071	-0.894345
52.081	-0.929165
52.091	-0.967373
52.101	-1.00884
52.111	-1.05344
52.121	-1.10101
52.131	-1.15138
52.141	-1.20439
52.151	-1.25985
52.161	-1.31755
52.171	-1.3773
52.181	-1.43889
52.191	-1.50208
52.201	-1.56666
52.211	-1.63239
52.221	-1.69903
52.231	-1.76633
52.241	-1.83406
52.251	-1.90196
52.261	-1.96979
52.271	-2.0373
52.281	-2.10423
52.291	-2.17035
52.301	-2.23541
52.311	-2.29917
52.321	-2.36139
52.331	-2.42186
52.341	-2.48033
52.351	-2.53661
52.361	-2.59047
52.371	-2.64173
52.381	-2.6902
52.391	-2.7357
52.401	-2.77806
52.411	-2.81713
52.421	-2.85276
52.431	-2.88484
52.441	-2.91324
52.451	-2.93787
52.461	-2.95863
52.471	-2.97546
52.481	-2.9883
52.491	-2.9971
52.501	-3.00185
52.511	-3.00253
52.521	-2.99915
52.531	-2.99173
52.541	-2.98031
52.551	-2.96493
52.561	-2.94567
52.571	-2.9226
52.581	-2.89583
52.591	-2.86546
52.601	-2.83161
52.611	-2.79443
52.621	-2.75407
52.631	-2.71068
52.641	-2.66444
52.651	-2.61554
52.661	-2.56417
52.671	-2.51052
52.681	-2.45483
52.691	-2.39729
52.701	-2.33815
52.711	-2.27763
52.721	-2.21597
52.731	-2.15341
52.741	-2.09019
52.751	-2.02657
52.761	-1.96278
52.771	-1.89908
52.781	-1.83571
52.791	-1.77292
52.801	-1.71095
52.811	-1.65003
52.821	-1.5904
52.831	-1.53229
52.841	-1.47592
52.851	-1.4215
52.861	-1.36924
52.871	-1.31933
52.881	-1.27197
52.891	-1.22732
52.901	-1.18555
52.911	-1.14682
52.921	-1.11126
52.931	-1.07901
52.941	-1.05017
52.951	-1.02485
52.961	-1.00312
52.971	-0.985071
52.981	-0.970746
52.991	-0.960188
53.001	-0.95342
53.011	-0.950454
53.021	-0.951281
53.031	-0.95588
53.041	-0.964213
53.051	-0.976229
53.061	-0.991858
53.071	-1.01102
53.081	-1.03361
53.091	-1.05953
53.101	-1.08865
53.111	-1.12083
53.121	-1.15591
53.131	-1.19374
53.141	-1.23415
53.151	-1.27694
53.161	-1.32192
53.171	-1.36889
53.181	-1.41764
53.191	-1.46794
53.201	-1.51957
53.211	-1.5723
53.221	-1.62588
53.231	-1.68009
53.241	-1.73466
53.251	-1.78936
53.261	-1.84394
53.271	-1.89815
53.281	-1.95174
53.291	-2.00447
53.301	-2.0561
53.311	-2.10638
53.321	-2.1551
53.331	-2.202
53.341	-2.24689
53.351	-2.28953
53.361	-2.32974
53.371	-2.3673
53.381	-2.40203
53.391	-2.43377
53.401	-2.46233
53.411	-2.48757
53.421	-2.50936
53.431	-2.52755
53.441	-2.54205
53.451	-2.55274
53.461	-2.55954
53.471	-2.5624
53.481	-2.56123
53.491	-2.55602
53.501	-2.54674
53.511	-2.53337
53.521	-2.51592
53.531	-2.49442
53.541	-2.4689
53.551	-2.43941
53.561	-2.40603
53.571	-2.36884
53.581	-2.32793
53.591	-2.28343
53.601	-2.23544
53.611	-2.18411
53.621	-2.1296
53.631	-2.07207
53.641	-2.01168
53.651	-1.94863
53.661	-1.88312
53.671	-1.81534
53.681	-1.74552
53.691	-1.67386
53.701	-1.60061
53.711	-1.52599
53.721	-1.45024
53.731	-1.37361
53.741	-1.29634
53.751	-1.21867
53.761	-1.14087
53.771	-1.06316
53.781	-0.985815
53.791	-0.909066
53.801	-0.833159
53.811	-0.758334
53.821	-0.684827
53.831	-0.612866
53.841	-0.542674
53.851	-0.474467
53.861	-0.408451
53.871	-0.344824
53.881	-0.283775
53.891	-0.225481
53.901	-0.170108
53.911	-0.117811
53.921	-0.0687318
53.931	-0.0229989
53.941	0.0192725
53.951	0.0579812
53.961	0.0930405
53.971	0.124378
53.981	0.151938
53.991	0.175678
54.001	0.195572
54.011	0.211608
54.021	0.223793
54.031	0.232147
54.041	0.236705
54.051	0.237518
54.061	0.234653
54.071	0.228191
54.081	0.218227
54.091	0.204871
54.101	0.188247
54.111	0.168491
54.121	0.145753
54.131	0.120192
54.141	0.0919836
54.151	0.0613094
54.161	0.0283632
54.171	-0.00665236
54.181	-0.0435263
54.191	-0.08204
54.201	-0.121968
54.211	-0.16308
54.221	-0.205139
54.231	-0.247905
54.241	-0.291136
54.251	-0.334586
54.261	-0.37801
54.271	-0.42116
54.281	-0.463793
54.291	-0.505665
54.301	-0.546534
54.311	-0.586165
54.321	-0.624326
54.331	-0.660789
54.341	-0.695335
54.351	-0.727752
54.361	-0.757836
54.371	-0.785391
54.381	-0.810233
54.391	-0.832187
54.401	-0.851089
54.411	-0.866789
54.421	-0.879147
54.431	-0.888038
54.441	-0.89335
54.451	-0.894985
54.461	-0.89286
54.471	-0.886905
54.481	-0.877067
54.491	-0.863308
54.501	-0.845605
54.511	-0.82395
54.521	-0.798351
54.531	-0.768834
54.541	-0.735435
54.551	-0.698211
54.561	-0.657231
54.571	-0.61258
54.581	-0.564356
54.591	-0.512673
54.601	-0.457657
54.611	-0.39945
54.621	-0.338203
54.631	-0.274081
54.641	-0.207262
54.651	-0.137931
54.661	-0.0662862
54.671	0.0074664
54.681	0.0831121
54.691	0.160428
54.701	0.239187
54.711	0.319152
54.721	0.400083
54.731	0.481739
54.741	0.56387
54.751	0.64623
54.761	0.728567
54.771	0.810631
54.781	0.892175
54.791	0.972949
54.801	1.05271
54.811	1.13122
54.821	1.20824
54.831	1.28353
54.841	1.35689
54.851	1.42808
54.861	1.4969
54.871	1.56316
54.881	1.62666
54.891	1.68722
54.901	1.74468
54.911	1.79888
54.921	1.84969
54.931	1.89696
54.941	1.94058
54.951	1.98045
54.961	2.01649
54.971	2.04862
54.981	2.07678
54.991	2.10093
55.001	2.12104
55.011	2.1371
55.021	2.14912
55.031	2.15711
55.041	2.16112
55.051	2.16118
55.061	2.15737
55.071	2.14976
55.081	2.13845
55.091	2.12356
55.101	2.10519
55.111	2.0835
55.121	2.05862
55.131	2.03072
55.141	1.99996
55.151	1.96654
55.161	1.93065
55.171	1.89247
55.181	1.85224
55.191	1.81016
55.201	1.76646
55.211	1.72138
55.221	1.67513
55.231	1.62798
55.241	1.58015
55.251	1.53189
55.261	1.48345
55.271	1.43507
55.281	1.38701
55.291	1.33949
55.301	1.29276
55.311	1.24707
55.321	1.20263
55.331	1.15968
55.341	1.11843
55.351	1.0791
55.361	1.0419
55.371	1.007
55.381	0.974615
55.391	0.9449
55.401	0.918023
55.411	0.894137
55.421	0.873378
55.431	0.855874
55.441	0.841736
55.451	0.831061
55.461	0.823934
55.471	0.820423
55.481	0.820581
55.491	0.824448
55.501	0.832046
55.511	0.843383
55.521	0.858451
55.531	0.877225
55.541	0.899667
55.551	0.925723
55.561	0.955323
55.571	0.988383
55.581	1.0248
55.591	1.06447
55.601	1.10726
55.611	1.15303
55.621	1.20163
55.631	1.2529
55.641	1.30666
55.651	1.36271
55.661	1.42088
55.671	1.48094
55.681	1.54269
55.691	1.6059
55.701	1.67035
55.711	1.7358
55.721	1.80201
55.731	1.86874
55.741	1.93575
55.751	2.00278
55.761	2.06958
55.771	2.13591
55.781	2.20152
55.791	2.26617
55.801	2.3296
55.811	2.39157
55.821	2.45187
55.831	2.51024
55.841	2.56648
55.851	2.62036
55.861	2.67168
55.871	2.72024
55.881	2.76586
55.891	2.80835
55.901	2.84754
55.911	2.8833
55.921	2.91546
55.931	2.94391
55.941	2.96853
55.951	2.98922
55.961	3.00589
55.971	3.01847
55.981	3.0269
55.991	3.03115
56.001	3.03119
56.011	3.027
56.021	3.0186
56.031	3.006
56.041	2.98924
56.051	2.96837
56.061	2.94347
56.071	2.9146
56.081	2.88187
56.091	2.8454
56.101	2.80529
56.111	2.7617
56.121	2.71476
56.131	2.66465
56.141	2.61154
56.151	2.55561
56.161	2.49706
56.171	2.43609
56.181	2.37291
56.191	2.30774
56.201	2.24082
56.211	2.17236
56.221	2.10262
56.231	2.03183
56.241	1.96023
56.251	1.88808
56.261	1.81562
56.271	1.7431
56.281	1.67076
56.291	1.59886
56.301	1.52763
56.311	1.45731
56.321	1.38814
56.331	1.32035
56.341	1.25415
56.351	1.18976
56.361	1.1274
56.371	1.06725
56.381	1.0095
56.391	0.954332
56.401	0.901912
56.411	0.852392
56.421	0.805913
56.431	0.762605
56.441	0.72258
56.451	0.685942
56.461	0.652775
56.471	0.623151
56.481	0.597128
56.491	0.574745
56.501	0.55603
56.511	0.540992
56.521	0.529627
56.531	0.521914
56.541	0.517817
56.551	0.517285
56.561	0.520251
56.571	0.526634
56.581	0.536339
56.591	0.549256
56.601	0.565261
56.611	0.584219
56.621	0.605979
56.631	0.630381
56.641	0.657253
56.651	0.68641
56.661	0.71766
56.671	0.750801
56.681	0.785622
56.691	0.821904
56.701	0.859422
56.711	0.897946
56.721	0.937241
56.731	0.977066
56.741	1.01718
56.751	1.05734
56.761	1.09729
56.771	1.1368
56.781	1.17562
56.791	1.2135
56.801	1.2502
56.811	1.2855
56.821	1.31915
56.831	1.35094
56.841	1.38064
56.851	1.40804
56.861	1.43294
56.871	1.45514
56.881	1.47447
56.891	1.49074
56.901	1.5038
56.911	1.51349
56.921	1.51967
56.931	1.52223
56.941	1.52105
56.951	1.51604
56.961	1.5071
56.971	1.49418
56.981	1.47723
56.991	1.45619
57.001	1.43107
57.011	1.40184
57.021	1.36851
57.031	1.33112
57.041	1.28971
57.051	1.24432
57.061	1.19503
57.071	1.14193
57.081	1.08512
57.091	1.02471
57.101	0.960828
57.111	0.893623
57.121	0.823244
57.131	0.74986
57.141	0.673649
57.151	0.594798
57.161	0.513509
57.171	0.429987
57.181	0.344451
57.191	0.257125
57.201	0.16824
57.211	0.0780317
57.221	-0.0132564
57.231	-0.105379
57.241	-0.198087
57.251	-0.291129
57.261	-0.384254
57.271	-0.477208
57.281	-0.569741
57.291	-0.661602
57.301	-0.752546
57.311	-0.842328
57.321	-0.93071
57.331	-1.01746
57.341	-1.10235
57.351	-1.18516
57.361	-1.26569
57.371	-1.34372
57.381	-1.41908
57.391	-1.49157
57.401	-1.56102
57.411	-1.62728
57.421	-1.69021
57.431	-1.74967
57.441	-1.80554
57.451	-1.85771
57.461	-1.9061
57.471	-1.95063
57.481	-1.99124
57.491	-2.02789
57.501	-2.06054
57.511	-2.08917
57.521	-2.1138
57.531	-2.13443
57.541	-2.15111
57.551	-2.16386
57.561	-2.17277
57.571	-2.1779
57.581	-2.17935
57.591	-2.17722
57.601	-2.17164
57.611	-2.16272
57.621	-2.15063
57.631	-2.13552
57.641	-2.11755
57.651	-2.09691
57.661	-2.07379
57.671	-2.04837
57.681	-2.02088
57.691	-1.99153
57.701	-1.96053
57.711	-1.92811
57.721	-1.89452
57.731	-1.85997
57.741	-1.82472
57.751	-1.789
57.761	-1.75305
57.771	-1.71713
57.781	-1.68146
57.791	-1.64629
57.801	-1.61185
57.811	-1.57838
57.821	-1.54611
57.831	-1.51526
57.841	-1.48605
57.851	-1.45867
57.861	-1.43335
57.871	-1.41025
57.881	-1.38958
57.891	-1.37149
57.901	-1.35616
57.911	-1.34371
57.921	-1.3343
57.931	-1.32805
57.941	-1.32505
57.951	-1.32541
57.961	-1.32921
57.971	-1.33651
57.981	-1.34737
57.991	-1.36181
58.001	-1.37986
58.011	-1.40152
58.021	-1.42679
58.031	-1.45563
58.041	-1.488
58.051	-1.52384
58.061	-1.56309
58.071	-1.60565
58.081	-1.65142
58.091	-1.70029
58.101	-1.75213
58.111	-1.80679
58.121	-1.86412
58.131	-1.92396
58.141	-1.98612
58.151	-2.05041
58.161	-2.11664
58.171	-2.18459
58.181	-2.25406
58.191	-2.32481
58.201	-2.39662
58.211	-2.46924
58.221	-2.54244
58.231	-2.61597
58.241	-2.68959
58.251	-2.76304
58.261	-2.83607
58.271	-2.90843
58.281	-2.97987
58.291	-3.05014
58.301	-3.119
58.311	-3.18621
58.321	-3.25152
58.331	-3.31471
58.341	-3.37555
58.351	-3.43383
58.361	-3.48934
58.371	-3.54188
58.381	-3.59126
58.391	-3.63729
58.401	-3.67983
58.411	-3.7187
58.421	-3.75377
58.431	-3.7849
58.441	-3.81199
58.451	-3.83493
58.461	-3.85364
58.471	-3.86804
58.481	-3.87807
58.491	-3.88371
58.501	-3.88491
58.511	-3.88167
58.521	-3.874
58.531	-3.86192
58.541	-3.84547
58.551	-3.8247
58.561	-3.79967
58.571	-3.77047
58.581	-3.73721
58.591	-3.69998
58.601	-3.65892
58.611	-3.61417
58.621	-3.56588
58.631	-3.51421
58.641	-3.45934
58.651	-3.40146
58.661	-3.34077
58.671	-3.27746
58.681	-3.21177
58.691	-3.14391
58.701	-3.07411
58.711	-3.0026
58.721	-2.92964
58.731	-2.85546
58.741	-2.78032
58.751	-2.70446
58.761	-2.62815
58.771	-2.55162
58.781	-2.47514
58.791	-2.39896
58.801	-2.32332
58.811	-2.24847
58.821	-2.17465
58.831	-2.10209
58.841	-2.03103
58.851	-1.96168
58.861	-1.89426
58.871	-1.82897
58.881	-1.76601
58.891	-1.70557
58.901	-1.64782
58.911	-1.59292
58.921	-1.54102
58.931	-1.49226
58.941	-1.44677
58.951	-1.40465
58.961	-1.366
58.971	-1.33091
58.981	-1.29944
58.991	-1.27164
59.001	-1.24756
59.011	-1.22721
59.021	-1.2106
59.031	-1.19772
59.041	-1.18856
59.051	-1.18307
59.061	-1.1812
59.071	-1.18289
59.081	-1.18804
59.091	-1.19658
59.101	-1.20838
59.111	-1.22334
59.121	-1.24131
59.131	-1.26215
59.141	-1.28571
59.151	-1.31181
59.161	-1.3403
59.171	-1.37097
59.181	-1.40365
59.191	-1.43813
59.201	-1.4742
59.211	-1.51165
59.221	-1.55027
59.231	-1.58985
59.241	-1.63016
59.251	-1.67097
59.261	-1.71207
59.271	-1.75323
59.281	-1.79423
59.291	-1.83486
59.301	-1.8749
59.311	-1.91413
59.321	-1.95235
59.331	-1.98937
59.341	-2.02498
59.351	-2.05902
59.361	-2.09129
59.371	-2.12164
59.381	-2.14991
59.391	-2.17596
59.401	-2.19965
59.411	-2.22087
59.421	-2.23951
59.431	-2.25547
59.441	-2.26869
59.451	-2.2791
59.461	-2.28664
59.471	-2.29129
59.481	-2.29303
59.491	-2.29186
59.501	-2.2878
59.511	-2.28087
59.521	-2.27113
59.531	-2.25863
59.541	-2.24347
59.551	-2.22573
59.561	-2.20554
59.571	-2.18301
59.581	-2.15829
59.591	-2.13155
59.601	-2.10295
59.611	-2.07268
59.621	-2.04094
59.631	-2.00794
59.641	-1.97392
59.651	-1.93911
59.661	-1.90376
59.671	-1.86812
59.681	-1.83247
59.691	-1.79708
59.701	-1.76224
59.711	-1.72823
59.721	-1.69535
59.731	-1.66392
59.741	-1.63422
59.751	-1.60657
59.761	-1.58128
59.771	-1.55867
59.781	-1.53904
59.791	-1.52271
59.801	-1.50999
59.811	-1.50117
59.821	-1.49658
59.831	-1.4965
59.841	-1.50123
59.851	-1.51105
59.861	-1.52625
59.871	-1.5471
59.881	-1.57386
59.891	-1.60678
59.901	-1.64611
59.911	-1.69208
59.921	-1.74491
59.931	-1.80482
59.941	-1.87199
59.951	-1.94662
59.961	-2.02887
59.971	-2.11891
59.981	-2.21687
59.991	-2.32289
60.001	-2.43709
