30.001	-2.57844
30.011	-2.56419
30.021	-2.55632
30.031	-2.55392
30.041	-2.55614
30.051	-2.56223
30.061	-2.57147
30.071	-2.58324
30.081	-2.59697
30.091	-2.61212
30.101	-2.62823
30.111	-2.64487
30.121	-2.66164
30.131	-2.67819
30.141	-2.6942
30.151	-2.70938
30.161	-2.72348
30.171	-2.73624
30.181	-2.74746
30.191	-2.75694
30.201	-2.76451
30.211	-2.77
30.221	-2.77328
30.231	-2.77421
30.241	-2.77268
30.251	-2.76857
30.261	-2.7618
30.271	-2.75228
30.281	-2.73994
30.291	-2.72471
30.301	-2.70653
30.311	-2.68535
30.321	-2.66113
30.331	-2.63383
30.341	-2.60344
30.351	-2.56993
30.361	-2.53329
30.371	-2.49352
30.381	-2.45061
30.391	-2.40459
30.401	-2.35547
30.411	-2.30327
30.421	-2.24804
30.431	-2.18982
30.441	-2.12865
30.451	-2.06461
30.461	-1.99775
30.471	-1.92816
30.481	-1.85592
30.491	-1.78113
30.501	-1.70389
30.511	-1.62432
30.521	-1.54254
30.531	-1.45867
30.541	-1.37286
30.551	-1.28525
30.561	-1.19601
30.571	-1.10529
30.581	-1.01327
30.591	-0.920122
30.601	-0.826039
30.611	-0.731214
30.621	-0.635845
30.631	-0.540138
30.641	-0.444305
30.651	-0.348561
30.661	-0.253125
30.671	-0.158223
30.681	-0.0640802
30.691	0.0290739
30.701	0.121009
30.711	0.211492
30.721	0.300293
30.731	0.38718
30.741	0.471923
30.751	0.554294
30.761	0.634069
30.771	0.711026
30.781	0.784949
30.791	0.855626
30.801	0.922853
30.811	0.986429
30.821	1.04617
30.831	1.10188
30.841	1.1534
30.851	1.20055
30.861	1.2432
30.871	1.28118
30.881	1.31438
30.891	1.34268
30.901	1.36597
30.911	1.38416
30.921	1.39716
30.931	1.40492
30.941	1.40739
30.951	1.40453
30.961	1.39633
30.971	1.38277
30.981	1.36387
30.991	1.33965
31.001	1.31017
31.011	1.27547
31.021	1.23563
31.031	1.19075
31.041	1.14091
31.051	1.08625
31.061	1.0269
31.071	0.963007
31.081	0.894731
31.091	0.822249
31.101	0.745751
31.111	0.665437
31.121	0.581522
31.131	0.49423
31.141	0.403795
31.151	0.310462
31.161	0.214484
31.171	0.116123
31.181	0.0156484
31.191	-0.0866651
31.201	-0.190537
31.211	-0.295681
31.221	-0.401809
31.231	-0.508628
31.241	-0.615847
31.251	-0.72317
31.261	-0.830303
31.271	-0.936956
31.281	-1.04284
31.291	-1.14766
31.301	-1.25114
31.311	-1.353
31.321	-1.45297
31.331	-1.55079
31.341	-1.6462
31.351	-1.73895
31.361	-1.82881
31.371	-1.91554
31.381	-1.99894
31.391	-2.07879
31.401	-2.15491
31.411	-2.22712
31.421	-2.29526
31.431	-2.35916
31.441	-2.41872
31.451	-2.47379
31.461	-2.52428
31.471	-2.5701
31.481	-2.61119
31.491	-2.64748
31.501	-2.67893
31.511	-2.70554
31.521	-2.72729
31.531	-2.74419
31.541	-2.75628
31.551	-2.7636
31.561	-2.76621
31.571	-2.76419
31.581	-2.75763
31.591	-2.74665
31.601	-2.73136
31.611	-2.71191
31.621	-2.68843
31.631	-2.66111
31.641	-2.6301
31.651	-2.59561
31.661	-2.55783
31.671	-2.51697
31.681	-2.47324
31.691	-2.42688
31.701	-2.37812
31.711	-2.32719
31.721	-2.27434
31.731	-2.21983
31.741	-2.16391
31.751	-2.10683
31.761	-2.04886
31.771	-1.99024
31.781	-1.93125
31.791	-1.87214
31.801	-1.81317
31.811	-1.75457
31.821	-1.69662
31.831	-1.63954
31.841	-1.58357
31.851	-1.52894
31.861	-1.47588
31.871	-1.42459
31.881	-1.37528
31.891	-1.32814
31.901	-1.28336
31.911	-1.24109
31.921	-1.20151
31.931	-1.16476
31.941	-1.13096
31.951	-1.10023
31.961	-1.07268
31.971	-1.0484
31.981	-1.02746
31.991	-1.00992
32.001	-0.995813
32.011	-0.985179
32.021	-0.978026
32.031	-0.974352
32.041	-0.974136
32.051	-0.977344
32.061	-0.983929
32.071	-0.993824
32.081	-1.00695
32.091	-1.02322
32.101	-1.04252
32.111	-1.06474
32.121	-1.08974
32.131	-1.11737
32.141	-1.14748
32.151	-1.17991
32.161	-1.21447
32.171	-1.25098
32.181	-1.28925
32.191	-1.32907
32.201	-1.37023
32.211	-1.41251
32.221	-1.4557
32.231	-1.49957
32.241	-1.5439
32.251	-1.58844
32.261	-1.63298
32.271	-1.67727
32.281	-1.72109
32.291	-1.76421
32.301	-1.8064
32.311	-1.84743
32.321	-1.8871
32.331	-1.92518
32.341	-1.96146
32.351	-1.99576
32.361	-2.02787
32.371	-2.05761
32.381	-2.08481
32.391	-2.1093
32.401	-2.13094
32.411	-2.14958
32.421	-2.16509
32.431	-2.17736
32.441	-2.18629
32.451	-2.19178
32.461	-2.19377
32.471	-2.1922
32.481	-2.18701
32.491	-2.17818
32.501	-2.16569
32.511	-2.14955
32.521	-2.12977
32.531	-2.10639
32.541	-2.07943
32.551	-2.04898
32.561	-2.01511
32.571	-1.9779
32.581	-1.93746
32.591	-1.89391
32.601	-1.84738
32.611	-1.79802
32.621	-1.74598
32.631	-1.69144
32.641	-1.63457
32.651	-1.57556
32.661	-1.51462
32.671	-1.45195
32.681	-1.38778
32.691	-1.32232
32.701	-1.25581
32.711	-1.18849
32.721	-1.12059
32.731	-1.05236
32.741	-0.984059
32.751	-0.915924
32.761	-0.848209
32.771	-0.781165
32.781	-0.715041
32.791	-0.650084
32.801	-0.586538
32.811	-0.524643
32.821	-0.464635
32.831	-0.406741
32.841	-0.351185
32.851	-0.298182
32.861	-0.247937
32.871	-0.200647
32.881	-0.156499
32.891	-0.115668
32.901	-0.0783199
32.911	-0.0446057
32.921	-0.0146651
32.931	0.0113759
32.941	0.0334052
32.951	0.0513248
32.961	0.0650514
32.971	0.0745169
32.981	0.0796683
32.991	0.0804681
33.001	0.0768947
33.011	0.0689419
33.021	0.0566195
33.031	0.0399531
33.041	0.0189838
33.051	-0.00623153
33.061	-0.035621
33.071	-0.0690974
33.081	-0.106559
33.091	-0.14789
33.101	-0.19296
33.111	-0.241625
33.121	-0.29373
33.131	-0.349106
33.141	-0.407572
33.151	-0.468939
33.161	-0.533004
33.171	-0.599557
33.181	-0.668379
33.191	-0.739243
33.201	-0.811915
33.211	-0.886156
33.221	-0.96172
33.231	-1.03836
33.241	-1.11582
33.251	-1.19385
33.261	-1.27219
33.271	-1.35059
33.281	-1.42879
33.291	-1.50654
33.301	-1.58359
33.311	-1.65968
33.321	-1.73459
33.331	-1.80807
33.341	-1.87989
33.351	-1.94982
33.361	-2.01767
33.371	-2.08321
33.381	-2.14625
33.391	-2.2066
33.401	-2.2641
33.411	-2.31857
33.421	-2.36988
33.431	-2.41787
33.441	-2.46244
33.451	-2.50346
33.461	-2.54084
33.471	-2.57451
33.481	-2.60439
33.491	-2.63044
33.501	-2.65262
33.511	-2.67091
33.521	-2.68531
33.531	-2.69583
33.541	-2.7025
33.551	-2.70535
33.561	-2.70446
33.571	-2.69988
33.581	-2.69171
33.591	-2.68004
33.601	-2.66499
33.611	-2.6467
33.621	-2.62529
33.631	-2.60093
33.641	-2.57377
33.651	-2.54399
33.661	-2.51177
33.671	-2.47731
33.681	-2.44082
33.691	-2.40249
33.701	-2.36256
33.711	-2.32123
33.721	-2.27874
33.731	-2.23533
33.741	-2.19121
33.751	-2.14664
33.761	-2.10184
33.771	-2.05706
33.781	-2.01254
33.791	-1.9685
33.801	-1.92519
33.811	-1.88283
33.821	-1.84164
33.831	-1.80185
33.841	-1.76366
33.851	-1.72728
33.861	-1.69291
33.871	-1.66074
33.881	-1.63094
33.891	-1.60368
33.901	-1.57912
33.911	-1.5574
33.921	-1.53865
33.931	-1.523
33.941	-1.51054
33.951	-1.50138
33.961	-1.49558
33.971	-1.49322
33.981	-1.49433
33.991	-1.49895
34.001	-1.5071
34.011	-1.51879
34.021	-1.53399
34.031	-1.55267
34.041	-1.5748
34.051	-1.60032
34.061	-1.62915
34.071	-1.66119
34.081	-1.69636
34.091	-1.73452
34.101	-1.77556
34.111	-1.81932
34.121	-1.86565
34.131	-1.91438
34.141	-1.96533
34.151	-2.01831
34.161	-2.07313
34.171	-2.12956
34.181	-2.18741
34.191	-2.24643
34.201	-2.30641
34.211	-2.36709
34.221	-2.42825
34.231	-2.48964
34.241	-2.551
34.251	-2.61209
34.261	-2.67266
34.271	-2.73245
34.281	-2.79123
34.291	-2.84873
34.301	-2.90472
34.311	-2.95895
34.321	-3.01119
34.331	-3.06121
34.341	-3.10878
34.351	-3.1537
34.361	-3.19575
34.371	-3.23474
34.381	-3.27047
34.391	-3.30277
34.401	-3.33149
34.411	-3.35645
34.421	-3.37753
34.431	-3.39459
34.441	-3.40753
34.451	-3.41624
34.461	-3.42063
34.471	-3.42065
34.481	-3.41623
34.491	-3.40734
34.501	-3.39395
34.511	-3.37606
34.521	-3.35367
34.531	-3.32681
34.541	-3.29553
34.551	-3.25986
34.561	-3.21989
34.571	-3.17571
34.581	-3.1274
34.591	-3.07509
34.601	-3.01891
34.611	-2.95899
34.621	-2.8955
34.631	-2.82859
34.641	-2.75846
34.651	-2.68528
34.661	-2.60926
34.671	-2.53061
34.681	-2.44955
34.691	-2.36629
34.701	-2.28109
34.711	-2.19416
34.721	-2.10576
34.731	-2.01614
34.741	-1.92554
34.751	-1.83422
34.761	-1.74244
34.771	-1.65045
34.781	-1.55849
34.791	-1.46684
34.801	-1.37573
34.811	-1.28541
34.821	-1.19612
34.831	-1.1081
34.841	-1.02158
34.851	-0.936786
34.861	-0.853923
34.871	-0.773202
34.881	-0.694816
34.891	-0.618953
34.901	-0.545785
34.911	-0.475475
34.921	-0.408172
34.931	-0.344014
34.941	-0.283124
34.951	-0.22561
34.961	-0.171569
34.971	-0.121081
34.981	-0.0742108
34.991	-0.0310087
35.001	0.00849022
35.011	0.0442666
35.021	0.0763164
35.031	0.104651
35.041	0.129298
35.051	0.150299
35.061	0.16771
35.071	0.181605
35.081	0.19207
35.091	0.199204
35.101	0.203123
35.111	0.203953
35.121	0.201834
35.131	0.196918
35.141	0.189369
35.151	0.17936
35.161	0.167074
35.171	0.152707
35.181	0.136458
35.191	0.118537
35.201	0.0991594
35.211	0.0785472
35.221	0.0569269
35.231	0.0345287
35.241	0.0115861
35.251	-0.0116653
35.261	-0.0349891
35.271	-0.0581484
35.281	-0.0809076
35.291	-0.103033
35.301	-0.124292
35.311	-0.144459
35.321	-0.163311
35.331	-0.18063
35.341	-0.196206
35.351	-0.209835
35.361	-0.221323
35.371	-0.230484
35.381	-0.237141
35.391	-0.24113
35.401	-0.242295
35.411	-0.240494
35.421	-0.235597
35.431	-0.227487
35.441	-0.216061
35.451	-0.201228
35.461	-0.182915
35.471	-0.161061
35.481	-0.13562
35.491	-0.106561
35.501	-0.0738712
35.511	-0.0375497
35.521	0.00238703
35.531	0.0459076
35.541	0.092965
35.551	0.143497
35.561	0.197427
35.571	0.254663
35.581	0.315099
35.591	0.378614
35.601	0.445075
35.611	0.514335
35.621	0.586234
35.631	0.660602
35.641	0.737254
35.651	0.815999
35.661	0.896633
35.671	0.978943
35.681	1.06271
35.691	1.14771
35.701	1.23369
35.711	1.32044
35.721	1.40769
35.731	1.4952
35.741	1.58272
35.751	1.66999
35.761	1.75677
35.771	1.84279
35.781	1.9278
35.791	2.01156
35.801	2.0938
35.811	2.1743
35.821	2.2528
35.831	2.32908
35.841	2.40291
35.851	2.47407
35.861	2.54235
35.871	2.60754
35.881	2.66945
35.891	2.72791
35.901	2.78275
35.911	2.8338
35.921	2.88092
35.931	2.92399
35.941	2.96287
35.951	2.99748
35.961	3.02772
35.971	3.05352
35.981	3.07481
35.991	3.09156
36.001	3.10375
36.011	3.11134
36.021	3.11436
36.031	3.11282
36.041	3.10676
36.051	3.09622
36.061	3.08128
36.071	3.06202
36.081	3.03852
36.091	3.01091
36.101	2.9793
36.111	2.94384
36.121	2.90466
36.131	2.86195
36.141	2.81587
36.151	2.7666
36.161	2.71434
36.171	2.6593
36.181	2.60169
36.191	2.54174
36.201	2.47966
36.211	2.41569
36.221	2.35007
36.231	2.28306
36.241	2.21488
36.251	2.14579
36.261	2.07605
36.271	2.0059
36.281	1.93558
36.291	1.86536
36.301	1.79547
36.311	1.72616
36.321	1.65766
36.331	1.5902
36.341	1.52401
36.351	1.45931
36.361	1.39631
36.371	1.3352
36.381	1.27619
36.391	1.21944
36.401	1.16513
36.411	1.11343
36.421	1.06446
36.431	1.01837
36.441	0.975279
36.451	0.935285
36.461	0.898482
36.471	0.864946
36.481	0.834739
36.491	0.807906
36.501	0.784479
36.511	0.764473
36.521	0.747887
36.531	0.734707
36.541	0.724902
36.551	0.718425
36.561	0.715216
36.571	0.7152
36.581	0.718285
36.591	0.724368
36.601	0.733331
36.611	0.745044
36.621	0.759363
36.631	0.776132
36.641	0.795186
36.651	0.816346
36.661	0.839426
36.671	0.864229
36.681	0.890551
36.691	0.918179
36.701	0.946895
36.711	0.976475
36.721	1.00669
36.731	1.0373
36.741	1.06808
36.751	1.09878
36.761	1.12917
36.771	1.15901
36.781	1.18806
36.791	1.21608
36.801	1.24284
36.811	1.26811
36.821	1.29166
36.831	1.31328
36.841	1.33275
36.851	1.34987
36.861	1.36444
36.871	1.37628
36.881	1.3852
36.891	1.39103
36.901	1.39363
36.911	1.39285
36.921	1.38855
36.931	1.38063
36.941	1.36896
36.951	1.35347
36.961	1.33408
36.971	1.31072
36.981	1.28335
36.991	1.25193
37.001	1.21646
37.011	1.17694
37.021	1.13337
37.031	1.08579
37.041	1.03424
37.051	0.978793
37.061	0.919519
37.071	0.856511
37.081	0.789875
37.091	0.719731
37.101	0.646214
37.111	0.569471
37.121	0.48966
37.131	0.406955
37.141	0.321539
37.151	0.233604
37.161	0.143356
37.171	0.0510073
37.181	-0.043221
37.191	-0.1391
37.201	-0.236393
37.211	-0.33486
37.221	-0.434253
37.231	-0.534324
37.241	-0.634818
37.251	-0.735481
37.261	-0.836056
37.271	-0.936288
37.281	-1.03592
37.291	-1.1347
37.301	-1.23238
37.311	-1.32871
37.321	-1.42344
37.331	-1.51635
37.341	-1.60721
37.351	-1.69578
37.361	-1.78187
37.371	-1.86526
37.381	-1.94575
37.391	-2.02317
37.401	-2.09735
37.411	-2.16812
37.421	-2.23533
37.431	-2.29885
37.441	-2.35857
37.451	-2.41436
37.461	-2.46615
37.471	-2.51384
37.481	-2.55739
37.491	-2.59675
37.501	-2.63187
37.511	-2.66276
37.521	-2.6894
37.531	-2.71182
37.541	-2.73004
37.551	-2.74411
37.561	-2.75409
37.571	-2.76007
37.581	-2.76213
37.591	-2.76037
37.601	-2.75493
37.611	-2.74592
37.621	-2.7335
37.631	-2.71782
37.641	-2.69906
37.651	-2.67739
37.661	-2.653
37.671	-2.6261
37.681	-2.59689
37.691	-2.56559
37.701	-2.53242
37.711	-2.4976
37.721	-2.46138
37.731	-2.424
37.741	-2.38568
37.751	-2.34668
37.761	-2.30724
37.771	-2.26761
37.781	-2.22802
37.791	-2.18873
37.801	-2.14996
37.811	-2.11196
37.821	-2.07495
37.831	-2.03917
37.841	-2.00483
37.851	-1.97215
37.861	-1.94132
37.871	-1.91254
37.881	-1.886
37.891	-1.86187
37.901	-1.84032
37.911	-1.82149
37.921	-1.80553
37.931	-1.79256
37.941	-1.7827
37.951	-1.77604
37.961	-1.77267
37.971	-1.77265
37.981	-1.77605
37.991	-1.7829
38.001	-1.79323
38.011	-1.80705
38.021	-1.82434
38.031	-1.84509
38.041	-1.86926
38.051	-1.8968
38.061	-1.92764
38.071	-1.96169
38.081	-1.99887
38.091	-2.03906
38.101	-2.08213
38.111	-2.12795
38.121	-2.17637
38.131	-2.22723
38.141	-2.28035
38.151	-2.33555
38.161	-2.39263
38.171	-2.4514
38.181	-2.51164
38.191	-2.57314
38.201	-2.63566
38.211	-2.69898
38.221	-2.76285
38.231	-2.82705
38.241	-2.89133
38.251	-2.95544
38.261	-3.01914
38.271	-3.08219
38.281	-3.14433
38.291	-3.20532
38.301	-3.26493
38.311	-3.32292
38.321	-3.37906
38.331	-3.43312
38.341	-3.48488
38.351	-3.53414
38.361	-3.58068
38.371	-3.62432
38.381	-3.66488
38.391	-3.70217
38.401	-3.73603
38.411	-3.76633
38.421	-3.79291
38.431	-3.81566
38.441	-3.83446
38.451	-3.84922
38.461	-3.85986
38.471	-3.8663
38.481	-3.86851
38.491	-3.86643
38.501	-3.86005
38.511	-3.84937
38.521	-3.8344
38.531	-3.81515
38.541	-3.79168
38.551	-3.76403
38.561	-3.73228
38.571	-3.69652
38.581	-3.65685
38.591	-3.61338
38.601	-3.56624
38.611	-3.51558
38.621	-3.46155
38.631	-3.40432
38.641	-3.34406
38.651	-3.28096
38.661	-3.21523
38.671	-3.14708
38.681	-3.07671
38.691	-3.00436
38.701	-2.93026
38.711	-2.85464
38.721	-2.77774
38.731	-2.69982
38.741	-2.62112
38.751	-2.5419
38.761	-2.46239
38.771	-2.38287
38.781	-2.30358
38.791	-2.22477
38.801	-2.14668
38.811	-2.06957
38.821	-1.99366
38.831	-1.9192
38.841	-1.8464
38.851	-1.77549
38.861	-1.70668
38.871	-1.64016
38.881	-1.57614
38.891	-1.5148
38.901	-1.45629
38.911	-1.40078
38.921	-1.34842
38.931	-1.29934
38.941	-1.25366
38.951	-1.21147
38.961	-1.17288
38.971	-1.13796
38.981	-1.10676
38.991	-1.07934
39.001	-1.05572
39.011	-1.03591
39.021	-1.01992
39.031	-1.00773
39.041	-0.999297
39.051	-0.994586
39.061	-0.993528
39.071	-0.996047
39.081	-1.00205
39.091	-1.01143
39.101	-1.02406
39.111	-1.03982
39.121	-1.05856
39.131	-1.08011
39.141	-1.10431
39.151	-1.13099
39.161	-1.15993
39.171	-1.19096
39.181	-1.22386
39.191	-1.2584
39.201	-1.29438
39.211	-1.33157
39.221	-1.36972
39.231	-1.4086
39.241	-1.44797
39.251	-1.48759
39.261	-1.52722
39.271	-1.5666
39.281	-1.60551
39.291	-1.64369
39.301	-1.68091
39.311	-1.71693
39.321	-1.75152
39.331	-1.78447
39.341	-1.81554
39.351	-1.84454
39.361	-1.87125
39.371	-1.89549
39.381	-1.91707
39.391	-1.93582
39.401	-1.95158
39.411	-1.9642
39.421	-1.97353
39.431	-1.97946
39.441	-1.98188
39.451	-1.98068
39.461	-1.97579
39.471	-1.96714
39.481	-1.95468
39.491	-1.93837
39.501	-1.91818
39.511	-1.89411
39.521	-1.86618
39.531	-1.8344
39.541	-1.79881
39.551	-1.75948
39.561	-1.71647
39.571	-1.66986
39.581	-1.61976
39.591	-1.56628
39.601	-1.50954
39.611	-1.4497
39.621	-1.38689
39.631	-1.32129
39.641	-1.25308
39.651	-1.18243
39.661	-1.10955
39.671	-1.03465
39.681	-0.957933
39.691	-0.879629
39.701	-0.799965
39.711	-0.719176
39.721	-0.637501
39.731	-0.555186
39.741	-0.472475
39.751	-0.389617
39.761	-0.306863
39.771	-0.224462
39.781	-0.142663
39.791	-0.0617118
39.801	0.0181466
39.811	0.0966723
39.821	0.17363
39.831	0.24879
39.841	0.321928
39.851	0.39283
39.861	0.461288
39.871	0.527104
39.881	0.590088
39.891	0.650065
39.901	0.706866
39.911	0.760338
39.921	0.810339
39.931	0.85674
39.941	0.899425
39.951	0.938295
39.961	0.973262
39.971	1.00426
39.981	1.03122
39.991	1.05411
40.001	1.0729
40.011	1.08758
40.021	1.09816
40.031	1.10466
40.041	1.10712
40.051	1.10558
40.061	1.10011
40.071	1.0908
40.081	1.07774
40.091	1.06105
40.101	1.04083
40.111	1.01725
40.121	0.990435
40.131	0.960559
40.141	0.927793
40.151	0.892321
40.161	0.854339
40.171	0.814049
40.181	0.771665
40.191	0.727406
40.201	0.681499
40.211	0.634176
40.221	0.585674
40.231	0.536235
40.241	0.486104
40.251	0.435526
40.261	0.38475
40.271	0.334023
40.281	0.283592
40.291	0.233702
40.301	0.184596
40.311	0.136511
40.321	0.0896819
40.331	0.0443363
40.341	0.000696132
40.351	-0.0410245
40.361	-0.0806196
40.371	-0.117892
40.381	-0.152655
40.391	-0.184732
40.401	-0.213958
40.411	-0.240178
40.421	-0.263254
40.431	-0.283056
40.441	-0.29947
40.451	-0.312397
40.461	-0.321751
40.471	-0.327461
40.481	-0.329471
40.491	-0.32774
40.501	-0.322244
40.511	-0.312972
40.521	-0.29993
40.531	-0.283141
40.541	-0.26264
40.551	-0.238481
40.561	-0.21073
40.571	-0.179469
40.581	-0.144795
40.591	-0.10682
40.601	-0.0656664
40.611	-0.0214731
40.621	0.0256099
40.631	0.0754204
40.641	0.127784
40.651	0.182518
40.661	0.239426
40.671	0.298304
40.681	0.358942
40.691	0.421119
40.701	0.484609
40.711	0.549179
40.721	0.614593
40.731	0.680609
40.741	0.746983
40.751	0.813469
40.761	0.879821
40.771	0.94579
40.781	1.01113
40.791	1.0756
40.801	1.13895
40.811	1.20095
40.821	1.26136
40.831	1.31996
40.841	1.37652
40.851	1.43084
40.861	1.4827
40.871	1.53191
40.881	1.57829
40.891	1.62165
40.901	1.66184
40.911	1.6987
40.921	1.73209
40.931	1.76188
40.941	1.78797
40.951	1.81024
40.961	1.82863
40.971	1.84304
40.981	1.85345
40.991	1.85979
41.001	1.86205
41.011	1.86022
41.021	1.85431
41.031	1.84433
41.041	1.83034
41.051	1.81237
41.061	1.7905
41.071	1.76481
41.081	1.7354
41.091	1.70239
41.101	1.66588
41.111	1.62604
41.121	1.583
41.131	1.53694
41.141	1.48801
41.151	1.43642
41.161	1.38236
41.171	1.32603
41.181	1.26765
41.191	1.20743
41.201	1.1456
41.211	1.0824
41.221	1.01807
41.231	0.95285
41.241	0.886982
41.251	0.820714
41.261	0.754297
41.271	0.687979
41.281	0.622007
41.291	0.556628
41.301	0.492085
41.311	0.428616
41.321	0.366458
41.331	0.305838
41.341	0.24698
41.351	0.190099
41.361	0.1354
41.371	0.0830829
41.381	0.0333348
41.391	-0.013667
41.401	-0.0577562
41.411	-0.0987788
41.421	-0.136593
41.431	-0.171071
41.441	-0.202096
41.451	-0.229569
41.461	-0.253403
41.471	-0.273526
41.481	-0.289882
41.491	-0.302429
41.501	-0.31114
41.511	-0.316007
41.521	-0.317034
41.531	-0.314241
41.541	-0.307664
41.551	-0.297356
41.561	-0.283383
41.571	-0.265825
41.581	-0.24478
41.591	-0.220356
41.601	-0.192678
41.611	-0.161882
41.621	-0.128118
41.631	-0.0915473
41.641	-0.0523431
41.651	-0.0106889
41.661	0.0332215
41.671	0.0791854
41.681	0.126991
41.691	0.176421
41.701	0.227248
41.711	0.279241
41.721	0.332164
41.731	0.385777
41.741	0.439837
41.751	0.494098
41.761	0.548314
41.771	0.602239
41.781	0.655627
41.791	0.708234
41.801	0.75982
41.811	0.810148
41.821	0.858985
41.831	0.906105
41.841	0.951288
41.851	0.994321
41.861	1.035
41.871	1.07313
41.881	1.10852
41.891	1.14101
41.901	1.17042
41.911	1.19661
41.921	1.21944
41.931	1.23877
41.941	1.2545
41.951	1.26654
41.961	1.27479
41.971	1.27919
41.981	1.27968
41.991	1.27623
42.001	1.26881
42.011	1.25742
42.021	1.24206
42.031	1.22276
42.041	1.19955
42.051	1.1725
42.061	1.14166
42.071	1.10713
42.081	1.069
42.091	1.02739
42.101	0.982421
42.111	0.934237
42.121	0.88299
42.131	0.828845
42.141	0.771977
42.151	0.712573
42.161	0.650832
42.171	0.586958
42.181	0.521167
42.191	0.453682
42.201	0.38473
42.211	0.314548
42.221	0.243375
42.231	0.171454
42.241	0.0990334
42.251	0.0263611
42.261	-0.0463126
42.271	-0.118738
42.281	-0.190665
42.291	-0.261847
42.301	-0.332039
42.311	-0.401
42.321	-0.468494
42.331	-0.534291
42.341	-0.598167
42.351	-0.659904
42.361	-0.719296
42.371	-0.776142
42.381	-0.830254
42.391	-0.881452
42.401	-0.929569
42.411	-0.974449
42.421	-1.01595
42.431	-1.05394
42.441	-1.0883
42.451	-1.11894
42.461	-1.14576
42.471	-1.16869
42.481	-1.18767
42.491	-1.20266
42.501	-1.21364
42.511	-1.22058
42.521	-1.2235
42.531	-1.22242
42.541	-1.21736
42.551	-1.20838
42.561	-1.19554
42.571	-1.17893
42.581	-1.15863
42.591	-1.13476
42.601	-1.10744
42.611	-1.07681
42.621	-1.04301
42.631	-1.0062
42.641	-0.966556
42.651	-0.92426
42.661	-0.879504
42.671	-0.83249
42.681	-0.783427
42.691	-0.732534
42.701	-0.680034
42.711	-0.626159
42.721	-0.571143
42.731	-0.515226
42.741	-0.458649
42.751	-0.401657
42.761	-0.344496
42.771	-0.287411
42.781	-0.230646
42.791	-0.174444
42.801	-0.119045
42.811	-0.0646847
42.821	-0.0115955
42.831	0.0399973
42.841	0.0898744
42.851	0.137824
42.861	0.183642
42.871	0.227134
42.881	0.268116
42.891	0.306413
42.901	0.341862
42.911	0.374313
42.921	0.403627
42.931	0.429678
42.941	0.452354
42.951	0.471559
42.961	0.487208
42.971	0.499233
42.981	0.507581
42.991	0.512212
43.001	0.513105
43.011	0.510252
43.021	0.503661
43.031	0.493355
43.041	0.479375
43.051	0.461773
43.061	0.440621
43.071	0.416001
43.081	0.388014
43.091	0.356771
43.101	0.3224
43.111	0.28504
43.121	0.244843
43.131	0.201975
43.141	0.15661
43.151	0.108935
43.161	0.0591472
43.171	0.00745166
43.181	-0.0459375
43.191	-0.100799
43.201	-0.156904
43.211	-0.214018
43.221	-0.271903
43.231	-0.330317
43.241	-0.389012
43.251	-0.447741
43.261	-0.506255
43.271	-0.564306
43.281	-0.621646
43.291	-0.678027
43.301	-0.733207
43.311	-0.786947
43.321	-0.839012
43.331	-0.889172
43.341	-0.937206
43.351	-0.982899
43.361	-1.02604
43.371	-1.06644
43.381	-1.10391
43.391	-1.13826
43.401	-1.16934
43.411	-1.19699
43.421	-1.22107
43.431	-1.24145
43.441	-1.25802
43.451	-1.27068
43.461	-1.27933
43.471	-1.28392
43.481	-1.28438
43.491	-1.28068
43.501	-1.27279
43.511	-1.2607
43.521	-1.24441
43.531	-1.22395
43.541	-1.19936
43.551	-1.17069
43.561	-1.138
43.571	-1.10139
43.581	-1.06094
43.591	-1.01677
43.601	-0.969007
43.611	-0.917785
43.621	-0.863257
43.631	-0.805587
43.641	-0.74495
43.651	-0.681531
43.661	-0.615527
43.671	-0.547142
43.681	-0.476589
43.691	-0.404091
43.701	-0.329876
43.711	-0.254176
43.721	-0.177231
43.731	-0.0992839
43.741	-0.0205806
43.751	0.058631
43.761	0.138102
43.771	0.217582
43.781	0.296824
43.791	0.37558
43.801	0.453606
43.811	0.530663
43.821	0.606515
43.831	0.680931
43.841	0.753689
43.851	0.824572
43.861	0.893372
43.871	0.959891
43.881	1.02394
43.891	1.08534
43.901	1.14392
43.911	1.19953
43.921	1.25202
43.931	1.30127
43.941	1.34716
43.951	1.38958
43.961	1.42846
43.971	1.4637
43.981	1.49527
43.991	1.5231
44.001	1.54719
44.011	1.5675
44.021	1.58406
44.031	1.59687
44.041	1.60597
44.051	1.61141
44.061	1.61325
44.071	1.61158
44.081	1.60649
44.091	1.59808
44.101	1.58648
44.111	1.57182
44.121	1.55425
44.131	1.53392
44.141	1.51102
44.151	1.48572
44.161	1.45821
44.171	1.42869
44.181	1.39737
44.191	1.36448
44.201	1.33022
44.211	1.29483
44.221	1.25855
44.231	1.22161
44.241	1.18425
44.251	1.14671
44.261	1.10925
44.271	1.0721
44.281	1.0355
44.291	0.999699
44.301	0.964933
44.311	0.931436
44.321	0.899437
44.331	0.86916
44.341	0.840823
44.351	0.814636
44.361	0.7908
44.371	0.769507
44.381	0.75094
44.391	0.73527
44.401	0.72266
44.411	0.713257
44.421	0.707197
44.431	0.704603
44.441	0.705584
44.451	0.710237
44.461	0.718641
44.471	0.730862
44.481	0.746953
44.491	0.766947
44.501	0.790865
44.511	0.818711
44.521	0.850476
44.531	0.886131
44.541	0.925636
44.551	0.968932
44.561	1.01595
44.571	1.06659
44.581	1.12077
44.591	1.17836
44.601	1.23923
44.611	1.30325
44.621	1.37025
44.631	1.44006
44.641	1.51252
44.651	1.58742
44.661	1.66457
44.671	1.74376
44.681	1.82477
44.691	1.90738
44.701	1.99136
44.711	2.07646
44.721	2.16244
44.731	2.24906
44.741	2.33607
44.751	2.42321
44.761	2.51024
44.771	2.5969
44.781	2.68294
44.791	2.7681
44.801	2.85215
44.811	2.93484
44.821	3.01592
44.831	3.09517
44.841	3.17236
44.851	3.24727
44.861	3.31969
44.871	3.38942
44.881	3.45626
44.891	3.52004
44.901	3.58058
44.911	3.63773
44.921	3.69134
44.931	3.74128
44.941	3.78743
44.951	3.82968
44.961	3.86795
44.971	3.90217
44.981	3.93226
44.991	3.95818
45.001	3.97991
45.011	3.99744
45.021	4.01075
45.031	4.01988
45.041	4.02485
45.051	4.02571
45.061	4.02253
45.071	4.01538
45.081	4.00436
45.091	3.98956
45.101	3.97113
45.111	3.94917
45.121	3.92386
45.131	3.89533
45.141	3.86377
45.151	3.82935
45.161	3.79226
45.171	3.75271
45.181	3.7109
45.191	3.66705
45.201	3.62139
45.211	3.57414
45.221	3.52553
45.231	3.4758
45.241	3.4252
45.251	3.37397
45.261	3.32235
45.271	3.27058
45.281	3.21892
45.291	3.1676
45.301	3.11686
45.311	3.06693
45.321	3.01805
45.331	2.97044
45.341	2.92433
45.351	2.87991
45.361	2.8374
45.371	2.79699
45.381	2.75886
45.391	2.72319
45.401	2.69013
45.411	2.65985
45.421	2.63247
45.431	2.60812
45.441	2.58692
45.451	2.56896
45.461	2.55433
45.471	2.54309
45.481	2.53529
45.491	2.53098
45.501	2.53018
45.511	2.5329
45.521	2.53912
45.531	2.54882
45.541	2.56197
45.551	2.57851
45.561	2.59838
45.571	2.62147
45.581	2.64771
45.591	2.67698
45.601	2.70914
45.611	2.74406
45.621	2.7816
45.631	2.82158
45.641	2.86383
45.651	2.90816
45.661	2.95438
45.671	3.00229
45.681	3.05166
45.691	3.10229
45.701	3.15394
45.711	3.20637
45.721	3.25936
45.731	3.31266
45.741	3.36602
45.751	3.4192
45.761	3.47194
45.771	3.52401
45.781	3.57516
45.791	3.62513
45.801	3.67369
45.811	3.72061
45.821	3.76563
45.831	3.80855
45.841	3.84914
45.851	3.88718
45.861	3.92247
45.871	3.95481
45.881	3.98402
45.891	4.00992
45.901	4.03235
45.911	4.05115
45.921	4.06619
45.931	4.07734
45.941	4.08449
45.951	4.08753
45.961	4.08639
45.971	4.081
45.981	4.0713
45.991	4.05725
46.001	4.03883
46.011	4.01604
46.021	3.98887
46.031	3.95736
46.041	3.92155
46.051	3.88149
46.061	3.83724
46.071	3.7889
46.081	3.73656
46.091	3.68034
46.101	3.62036
46.111	3.55677
46.121	3.48972
46.131	3.41937
46.141	3.34591
46.151	3.26951
46.161	3.19039
46.171	3.10873
46.181	3.02477
46.191	2.93872
46.201	2.85081
46.211	2.76129
46.221	2.67039
46.231	2.57835
46.241	2.48543
46.251	2.39187
46.261	2.29793
46.271	2.20386
46.281	2.1099
46.291	2.01632
46.301	1.92334
46.311	1.83123
46.321	1.74021
46.331	1.65052
46.341	1.56237
46.351	1.476
46.361	1.39162
46.371	1.30941
46.381	1.22958
46.391	1.1523
46.401	1.07775
46.411	1.00608
46.421	0.937435
46.431	0.871952
46.441	0.809747
46.451	0.750926
46.461	0.695578
46.471	0.643779
46.481	0.59559
46.491	0.551055
46.501	0.510206
46.511	0.473056
46.521	0.439604
46.531	0.409833
46.541	0.383712
46.551	0.361193
46.561	0.342213
46.571	0.326697
46.581	0.314551
46.591	0.30567
46.601	0.299935
46.611	0.297214
46.621	0.29736
46.631	0.300216
46.641	0.305615
46.651	0.313377
46.661	0.323312
46.671	0.335221
46.681	0.348899
46.691	0.36413
46.701	0.380694
46.711	0.398362
46.721	0.416904
46.731	0.436084
46.741	0.455663
46.751	0.4754
46.761	0.495053
46.771	0.51438
46.781	0.53314
46.791	0.551094
46.801	0.568006
46.811	0.583643
46.821	0.597777
46.831	0.610186
46.841	0.620655
46.851	0.628975
46.861	0.634946
46.871	0.638377
46.881	0.639088
46.891	0.636908
46.901	0.631678
46.911	0.623251
46.921	0.611492
46.931	0.59628
46.941	0.577507
46.951	0.555078
46.961	0.528915
46.971	0.498953
46.981	0.465142
46.991	0.427449
47.001	0.385853
47.011	0.340352
47.021	0.290958
47.031	0.237699
47.041	0.180618
47.051	0.119773
47.061	0.0552386
47.071	-0.0128975
47.081	-0.0845322
47.091	-0.159548
47.101	-0.237815
47.111	-0.319189
47.121	-0.403513
47.131	-0.490619
47.141	-0.580326
47.151	-0.672444
47.161	-0.766773
47.171	-0.863102
47.181	-0.961213
47.191	-1.06088
47.201	-1.16187
47.211	-1.26395
47.221	-1.36687
47.231	-1.47038
47.241	-1.57424
47.251	-1.67819
47.261	-1.78198
47.271	-1.88535
47.281	-1.98806
47.291	-2.08986
47.301	-2.19049
47.311	-2.28971
47.321	-2.38728
47.331	-2.48297
47.341	-2.57656
47.351	-2.66782
47.361	-2.75654
47.371	-2.84253
47.381	-2.92558
47.391	-3.00552
47.401	-3.08218
47.411	-3.15539
47.421	-3.22502
47.431	-3.29093
47.441	-3.35301
47.451	-3.41114
47.461	-3.46525
47.471	-3.51524
47.481	-3.56107
47.491	-3.60269
47.501	-3.64007
47.511	-3.67319
47.521	-3.70206
47.531	-3.72669
47.541	-3.74713
47.551	-3.76341
47.561	-3.7756
47.571	-3.78378
47.581	-3.78804
47.591	-3.78849
47.601	-3.78525
47.611	-3.77846
47.621	-3.76826
47.631	-3.75481
47.641	-3.73828
47.651	-3.71886
47.661	-3.69673
47.671	-3.6721
47.681	-3.64517
47.691	-3.61616
47.701	-3.5853
47.711	-3.55281
47.721	-3.51894
47.731	-3.48391
47.741	-3.44797
47.751	-3.41137
47.761	-3.37435
47.771	-3.33715
47.781	-3.30002
47.791	-3.26321
47.801	-3.22694
47.811	-3.19147
47.821	-3.15701
47.831	-3.12379
47.841	-3.09205
47.851	-3.06197
47.861	-3.03378
47.871	-3.00767
47.881	-2.98381
47.891	-2.96239
47.901	-2.94357
47.911	-2.9275
47.921	-2.91432
47.931	-2.90415
47.941	-2.89712
47.951	-2.89331
47.961	-2.8928
47.971	-2.89568
47.981	-2.902
47.991	-2.91179
48.001	-2.92507
48.011	-2.94187
48.021	-2.96216
48.031	-2.98593
48.041	-3.01314
48.051	-3.04373
48.061	-3.07764
48.071	-3.11479
48.081	-3.15507
48.091	-3.19838
48.101	-3.24459
48.111	-3.29357
48.121	-3.34515
48.131	-3.39919
48.141	-3.4555
48.151	-3.5139
48.161	-3.57419
48.171	-3.63618
48.181	-3.69965
48.191	-3.76437
48.201	-3.83014
48.211	-3.8967
48.221	-3.96383
48.231	-4.03128
48.241	-4.09881
48.251	-4.16617
48.261	-4.23313
48.271	-4.29942
48.281	-4.36481
48.291	-4.42905
48.301	-4.4919
48.311	-4.55313
48.321	-4.61249
48.331	-4.66977
48.341	-4.72475
48.351	-4.7772
48.361	-4.82694
48.371	-4.87375
48.381	-4.91746
48.391	-4.9579
48.401	-4.9949
48.411	-5.0283
48.421	-5.05797
48.431	-5.08379
48.441	-5.10565
48.451	-5.12344
48.461	-5.13708
48.471	-5.14651
48.481	-5.15166
48.491	-5.15252
48.501	-5.14904
48.511	-5.14123
48.521	-5.1291
48.531	-5.11266
48.541	-5.09196
48.551	-5.06706
48.561	-5.03802
48.571	-5.00494
48.581	-4.96791
48.591	-4.92704
48.601	-4.88246
48.611	-4.83433
48.621	-4.78278
48.631	-4.72799
48.641	-4.67013
48.651	-4.6094
48.661	-4.54598
48.671	-4.4801
48.681	-4.41196
48.691	-4.34179
48.701	-4.26982
48.711	-4.19629
48.721	-4.12144
48.731	-4.04551
48.741	-3.96875
48.751	-3.89142
48.761	-3.81376
48.771	-3.73604
48.781	-3.65849
48.791	-3.58137
48.801	-3.50493
48.811	-3.4294
48.821	-3.35503
48.831	-3.28205
48.841	-3.21069
48.851	-3.14116
48.861	-3.07368
48.871	-3.00844
48.881	-2.94564
48.891	-2.88546
48.901	-2.82807
48.911	-2.77363
48.921	-2.72228
48.931	-2.67416
48.941	-2.62938
48.951	-2.58805
48.961	-2.55026
48.971	-2.51609
48.981	-2.48559
48.991	-2.45881
49.001	-2.43579
49.011	-2.41653
49.021	-2.40104
49.031	-2.38929
49.041	-2.38127
49.051	-2.37691
49.061	-2.37616
49.071	-2.37894
49.081	-2.38516
49.091	-2.39471
49.101	-2.40747
49.111	-2.42332
49.121	-2.44209
49.131	-2.46365
49.141	-2.48782
49.151	-2.51441
49.161	-2.54325
49.171	-2.57413
49.181	-2.60684
49.191	-2.64117
49.201	-2.6769
49.211	-2.7138
49.221	-2.75164
49.231	-2.79018
49.241	-2.82919
49.251	-2.86842
49.261	-2.90763
49.271	-2.94658
49.281	-2.98503
49.291	-3.02273
49.301	-3.05946
49.311	-3.09497
49.321	-3.12905
49.331	-3.16146
49.341	-3.19199
49.351	-3.22044
49.361	-3.24659
49.371	-3.27027
49.381	-3.29129
49.391	-3.30948
49.401	-3.32467
49.411	-3.33673
49.421	-3.34551
49.431	-3.3509
49.441	-3.35278
49.451	-3.35107
49.461	-3.34568
49.471	-3.33654
49.481	-3.32361
49.491	-3.30685
49.501	-3.28624
49.511	-3.26178
49.521	-3.23348
49.531	-3.20137
49.541	-3.16548
49.551	-3.12588
49.561	-3.08264
49.571	-3.03585
49.581	-2.98561
49.591	-2.93203
49.601	-2.87525
49.611	-2.81541
49.621	-2.75266
49.631	-2.68718
49.641	-2.61914
49.651	-2.54873
49.661	-2.47615
49.671	-2.40161
49.681	-2.32533
49.691	-2.24753
49.701	-2.16845
49.711	-2.08832
49.721	-2.00738
49.731	-1.92588
49.741	-1.84408
49.751	-1.76221
49.761	-1.68054
49.771	-1.59931
49.781	-1.51878
49.791	-1.4392
49.801	-1.36081
49.811	-1.28386
49.821	-1.20857
49.831	-1.1352
49.841	-1.06395
49.851	-0.995061
49.861	-0.928726
49.871	-0.865152
49.881	-0.804529
49.891	-0.747037
49.901	-0.692845
49.911	-0.64211
49.921	-0.594976
49.931	-0.551575
49.941	-0.512023
49.951	-0.476424
49.961	-0.444867
49.971	-0.417425
49.981	-0.394158
49.991	-0.375108
50.001	-0.360304
50.011	-0.349758
50.021	-0.343466
50.031	-0.341411
50.041	-0.343556
50.051	-0.349853
50.061	-0.360236
50.071	-0.374625
50.081	-0.392926
50.091	-0.415029
50.101	-0.440813
50.111	-0.470141
50.121	-0.502865
50.131	-0.538824
50.141	-0.577846
50.151	-0.619748
50.161	-0.664336
50.171	-0.711408
50.181	-0.760753
50.191	-0.812153
50.201	-0.865381
50.211	-0.920207
50.221	-0.976395
50.231	-1.0337
50.241	-1.09189
50.251	-1.15071
50.261	-1.20991
50.271	-1.26925
50.281	-1.32848
50.291	-1.38736
50.301	-1.44564
50.311	-1.50309
50.321	-1.55948
50.331	-1.61457
50.341	-1.66814
50.351	-1.71999
50.361	-1.7699
50.371	-1.81768
50.381	-1.86313
50.391	-1.9061
50.401	-1.9464
50.411	-1.98388
50.421	-2.01841
50.431	-2.04985
50.441	-2.07809
50.451	-2.10303
50.461	-2.12459
50.471	-2.14269
50.481	-2.15727
50.491	-2.16829
50.501	-2.17573
50.511	-2.17958
50.521	-2.17983
50.531	-2.17652
50.541	-2.16967
50.551	-2.15934
50.561	-2.14559
50.571	-2.12851
50.581	-2.10818
50.591	-2.08472
50.601	-2.05824
50.611	-2.02889
50.621	-1.99682
50.631	-1.96218
50.641	-1.92514
50.651	-1.88588
50.661	-1.84461
50.671	-1.80152
50.681	-1.75681
50.691	-1.71071
50.701	-1.66344
50.711	-1.61522
50.721	-1.5663
50.731	-1.51691
50.741	-1.46729
50.751	-1.41768
50.761	-1.36834
50.771	-1.31949
50.781	-1.27139
50.791	-1.22427
50.801	-1.17837
50.811	-1.13394
50.821	-1.09118
50.831	-1.05034
50.841	-1.01163
50.851	-0.97525
50.861	-0.941409
50.871	-0.910296
50.881	-0.882094
50.891	-0.856974
50.901	-0.835096
50.911	-0.816608
50.921	-0.801644
50.931	-0.790327
50.941	-0.782765
50.951	-0.779052
50.961	-0.779268
50.971	-0.783478
50.981	-0.791731
50.991	-0.804062
51.001	-0.820489
51.011	-0.841016
51.021	-0.865629
51.031	-0.894301
51.041	-0.926988
51.051	-0.963632
51.061	-1.00416
51.071	-1.04847
51.081	-1.09648
51.091	-1.14806
51.101	-1.20307
51.111	-1.26138
51.121	-1.32283
51.131	-1.38724
51.141	-1.45444
51.151	-1.52423
51.161	-1.59642
51.171	-1.67078
51.181	-1.7471
51.191	-1.82515
51.201	-1.9047
51.211	-1.98551
51.221	-2.06733
51.231	-2.14991
51.241	-2.23301
51.251	-2.31636
51.261	-2.3997
51.271	-2.4828
51.281	-2.56538
51.291	-2.6472
51.301	-2.72801
51.311	-2.80756
51.321	-2.88561
51.331	-2.96192
51.341	-3.03626
51.351	-3.10841
51.361	-3.17816
51.371	-3.24531
51.381	-3.30964
51.391	-3.37099
51.401	-3.42918
51.411	-3.48405
51.421	-3.53544
51.431	-3.58323
51.441	-3.62729
51.451	-3.66751
51.461	-3.7038
51.471	-3.73608
51.481	-3.76428
51.491	-3.78837
51.501	-3.8083
51.511	-3.82405
51.521	-3.83563
51.531	-3.84305
51.541	-3.84634
51.551	-3.84554
51.561	-3.84071
51.571	-3.83193
51.581	-3.81928
51.591	-3.80287
51.601	-3.78282
51.611	-3.75925
51.621	-3.73231
51.631	-3.70215
51.641	-3.66895
51.651	-3.63287
51.661	-3.5941
51.671	-3.55285
51.681	-3.50931
51.691	-3.4637
51.701	-3.41623
51.711	-3.36714
51.721	-3.31665
51.731	-3.265
51.741	-3.21242
51.751	-3.15916
51.761	-3.10545
51.771	-3.05153
51.781	-2.99766
51.791	-2.94405
51.801	-2.89096
51.811	-2.8386
51.821	-2.78721
51.831	-2.73702
51.841	-2.68823
51.851	-2.64105
51.861	-2.59568
51.871	-2.55231
51.881	-2.51113
51.891	-2.47231
51.901	-2.436
51.911	-2.40235
51.921	-2.37149
51.931	-2.34355
51.941	-2.31864
51.951	-2.29686
51.961	-2.27827
51.971	-2.26295
51.981	-2.25095
51.991	-2.24231
52.001	-2.23703
52.011	-2.23514
52.021	-2.23662
52.031	-2.24143
52.041	-2.24955
52.051	-2.26092
52.061	-2.27546
52.071	-2.29308
52.081	-2.3137
52.091	-2.33718
52.101	-2.36341
52.111	-2.39225
52.121	-2.42353
52.131	-2.4571
52.141	-2.49278
52.151	-2.53038
52.161	-2.5697
52.171	-2.61054
52.181	-2.65269
52.191	-2.69592
52.201	-2.74
52.211	-2.7847
52.221	-2.82978
52.231	-2.875
52.241	-2.92011
52.251	-2.96488
52.261	-3.00903
52.271	-3.05234
52.281	-3.09456
52.291	-3.13543
52.301	-3.17472
52.311	-3.21219
52.321	-3.2476
52.331	-3.28074
52.341	-3.31137
52.351	-3.33929
52.361	-3.3643
52.371	-3.38619
52.381	-3.40479
52.391	-3.41991
52.401	-3.4314
52.411	-3.43911
52.421	-3.44289
52.431	-3.44263
52.441	-3.43822
52.451	-3.42955
52.461	-3.41655
52.471	-3.39915
52.481	-3.37729
52.491	-3.35095
52.501	-3.3201
52.511	-3.28474
52.521	-3.24488
52.531	-3.20054
52.541	-3.15178
52.551	-3.09864
52.561	-3.04121
52.571	-2.97956
52.581	-2.91382
52.591	-2.84408
52.601	-2.77049
52.611	-2.69318
52.621	-2.61233
52.631	-2.52809
52.641	-2.44065
52.651	-2.35021
52.661	-2.25696
52.671	-2.16112
52.681	-2.06291
52.691	-1.96256
52.701	-1.86031
52.711	-1.75639
52.721	-1.65106
52.731	-1.54457
52.741	-1.43716
52.751	-1.3291
52.761	-1.22065
52.771	-1.11207
52.781	-1.0036
52.791	-0.895515
52.801	-0.788059
52.811	-0.681485
52.821	-0.576038
52.831	-0.471957
52.841	-0.369476
52.851	-0.268822
52.861	-0.170213
52.871	-0.073858
52.881	0.0200433
52.891	0.111302
52.901	0.199739
52.911	0.285188
52.921	0.367496
52.931	0.446522
52.941	0.522137
52.951	0.594229
52.961	0.662696
52.971	0.727456
52.981	0.788438
52.991	0.845587
53.001	0.898863
53.011	0.948243
53.021	0.993719
53.031	1.0353
53.041	1.073
53.051	1.10686
53.061	1.13694
53.071	1.16329
53.081	1.18601
53.091	1.20519
53.101	1.22093
53.111	1.23337
53.121	1.24262
53.131	1.24885
53.141	1.25221
53.151	1.25286
53.161	1.25099
53.171	1.24678
53.181	1.24044
53.191	1.23215
53.201	1.22215
53.211	1.21063
53.221	1.19782
53.231	1.18396
53.241	1.16925
53.251	1.15394
53.261	1.13826
53.271	1.12243
53.281	1.10669
53.291	1.09127
53.301	1.07638
53.311	1.06226
53.321	1.04912
53.331	1.03717
53.341	1.02662
53.351	1.01766
53.361	1.01049
53.371	1.00528
53.381	1.0022
53.391	1.00142
53.401	1.00308
53.411	1.00732
53.421	1.01426
53.431	1.02403
53.441	1.0367
53.451	1.05237
53.461	1.07111
53.471	1.09298
53.481	1.118
53.491	1.14621
53.501	1.17762
53.511	1.21222
53.521	1.24999
53.531	1.29089
53.541	1.33487
53.551	1.38187
53.561	1.4318
53.571	1.48456
53.581	1.54005
53.591	1.59813
53.601	1.65868
53.611	1.72153
53.621	1.78653
53.631	1.85349
53.641	1.92224
53.651	1.99257
53.661	2.06428
53.671	2.13715
53.681	2.21095
53.691	2.28546
53.701	2.36043
53.711	2.43562
53.721	2.51079
53.731	2.58568
53.741	2.66003
53.751	2.73359
53.761	2.80611
53.771	2.87732
53.781	2.94697
53.791	3.0148
53.801	3.08056
53.811	3.14401
53.821	3.20491
53.831	3.26302
53.841	3.3181
53.851	3.36995
53.861	3.41834
53.871	3.46308
53.881	3.50397
53.891	3.54083
53.901	3.57349
53.911	3.60179
53.921	3.62559
53.931	3.64476
53.941	3.65917
53.951	3.66873
53.961	3.67334
53.971	3.67294
53.981	3.66747
53.991	3.65688
54.001	3.64115
54.011	3.62027
54.021	3.59425
54.031	3.5631
54.041	3.52687
54.051	3.4856
54.061	3.43938
54.071	3.38827
54.081	3.33239
54.091	3.27185
54.101	3.20677
54.111	3.13729
54.121	3.06358
54.131	2.9858
54.141	2.90412
54.151	2.81874
54.161	2.72987
54.171	2.6377
54.181	2.54246
54.191	2.44439
54.201	2.3437
54.211	2.24065
54.221	2.13547
54.231	2.02843
54.241	1.91978
54.251	1.80977
54.261	1.69866
54.271	1.5867
54.281	1.47417
54.291	1.36132
54.301	1.24839
54.311	1.13565
54.321	1.02334
54.331	0.9117
54.341	0.800969
54.351	0.691375
54.361	0.58314
54.371	0.476477
54.381	0.371589
54.391	0.268668
54.401	0.167898
54.411	0.0694485
54.421	-0.026521
54.431	-0.119865
54.441	-0.21045
54.451	-0.298157
54.461	-0.382881
54.471	-0.464531
54.481	-0.543031
54.491	-0.618319
54.501	-0.69035
54.511	-0.759091
54.521	-0.824527
54.531	-0.886658
54.541	-0.945497
54.551	-1.00107
54.561	-1.05343
54.571	-1.10263
54.581	-1.14874
54.591	-1.19185
54.601	-1.23206
54.611	-1.26948
54.621	-1.30424
54.631	-1.33647
54.641	-1.36632
54.651	-1.39395
54.661	-1.41953
54.671	-1.44323
54.681	-1.46524
54.691	-1.48575
54.701	-1.50496
54.711	-1.52308
54.721	-1.54031
54.731	-1.55686
54.741	-1.57296
54.751	-1.58882
54.761	-1.60466
54.771	-1.62069
54.781	-1.63714
54.791	-1.65421
54.801	-1.67213
54.811	-1.6911
54.821	-1.71132
54.831	-1.73299
54.841	-1.7563
54.851	-1.78143
54.861	-1.80857
54.871	-1.83787
54.881	-1.8695
54.891	-1.90359
54.901	-1.94029
54.911	-1.97971
54.921	-2.02196
54.931	-2.06715
54.941	-2.11535
54.951	-2.16663
54.961	-2.22105
54.971	-2.27865
54.981	-2.33945
54.991	-2.40347
55.001	-2.47069
55.011	-2.54109
55.021	-2.61465
55.031	-2.6913
55.041	-2.77098
55.051	-2.85361
55.061	-2.93909
55.071	-3.02731
55.081	-3.11814
55.091	-3.21144
55.101	-3.30707
55.111	-3.40484
55.121	-3.50459
55.131	-3.60612
55.141	-3.70924
55.151	-3.81372
55.161	-3.91935
55.171	-4.0259
55.181	-4.13312
55.191	-4.24078
55.201	-4.34862
55.211	-4.45638
55.221	-4.56379
55.231	-4.67061
55.241	-4.77655
55.251	-4.88134
55.261	-4.98472
55.271	-5.08641
55.281	-5.18616
55.291	-5.28368
55.301	-5.37872
55.311	-5.47101
55.321	-5.56032
55.331	-5.64638
55.341	-5.72896
55.351	-5.80782
55.361	-5.88275
55.371	-5.95353
55.381	-6.01995
55.391	-6.08183
55.401	-6.13898
55.411	-6.19124
55.421	-6.23846
55.431	-6.28049
55.441	-6.3172
55.451	-6.3485
55.461	-6.37427
55.471	-6.39444
55.481	-6.40895
55.491	-6.41775
55.501	-6.4208
55.511	-6.41809
55.521	-6.40962
55.531	-6.39541
55.541	-6.37549
55.551	-6.3499
55.561	-6.31871
55.571	-6.28201
55.581	-6.23989
55.591	-6.19246
55.601	-6.13985
55.611	-6.08219
55.621	-6.01963
55.631	-5.95236
55.641	-5.88053
55.651	-5.80435
55.661	-5.72401
55.671	-5.63973
55.681	-5.55172
55.691	-5.46021
55.701	-5.36545
55.711	-5.26766
55.721	-5.16711
55.731	-5.06404
55.741	-4.95871
55.751	-4.85139
55.761	-4.74233
55.771	-4.6318
55.781	-4.52006
55.791	-4.40737
55.801	-4.294
55.811	-4.1802
55.821	-4.06623
55.831	-3.95233
55.841	-3.83875
55.851	-3.72572
55.861	-3.61348
55.871	-3.50225
55.881	-3.39223
55.891	-3.28363
55.901	-3.17664
55.911	-3.07145
55.921	-2.96821
55.931	-2.8671
55.941	-2.76824
55.951	-2.67178
55.961	-2.57783
55.971	-2.4865
55.981	-2.39786
55.991	-2.312
56.001	-2.22898
56.011	-2.14883
56.021	-2.0716
56.031	-1.99728
56.041	-1.9259
56.051	-1.85742
56.061	-1.79183
56.071	-1.72907
56.081	-1.66909
56.091	-1.61182
56.101	-1.55718
56.111	-1.50507
56.121	-1.45538
56.131	-1.40799
56.141	-1.36277
56.151	-1.31958
56.161	-1.27827
56.171	-1.23867
56.181	-1.20063
56.191	-1.16396
56.201	-1.12848
56.211	-1.09402
56.221	-1.06037
56.231	-1.02734
56.241	-0.994735
56.251	-0.962356
56.261	-0.930001
56.271	-0.897471
56.281	-0.864566
56.291	-0.83109
56.301	-0.796847
56.311	-0.761648
56.321	-0.725308
56.331	-0.687646
56.341	-0.648489
56.351	-0.607672
56.361	-0.565037
56.371	-0.520435
56.381	-0.473728
56.391	-0.424788
56.401	-0.373496
56.411	-0.319748
56.421	-0.263451
56.431	-0.204524
56.441	-0.142901
56.451	-0.0785275
56.461	-0.0113657
56.471	0.0586094
56.481	0.131408
56.491	0.207024
56.501	0.285439
56.511	0.366618
56.521	0.45051
56.531	0.537049
56.541	0.626158
56.551	0.717739
56.561	0.811686
56.571	0.907873
56.581	1.00616
56.591	1.10641
56.601	1.20844
56.611	1.31209
56.621	1.41716
56.631	1.52346
56.641	1.63078
56.651	1.7389
56.661	1.84758
56.671	1.9566
56.681	2.0657
56.691	2.17464
56.701	2.28316
56.711	2.391
56.721	2.4979
56.731	2.60358
56.741	2.70777
56.751	2.81021
56.761	2.91062
56.771	3.00874
56.781	3.1043
56.791	3.19702
56.801	3.28666
56.811	3.37296
56.821	3.45566
56.831	3.53453
56.841	3.60933
56.851	3.67983
56.861	3.74582
56.871	3.80709
56.881	3.86346
56.891	3.91472
56.901	3.96073
56.911	4.00131
56.921	4.03634
56.931	4.06567
56.941	4.0892
56.951	4.10683
56.961	4.11848
56.971	4.12409
56.981	4.1236
56.991	4.11699
57.001	4.10424
57.011	4.08535
57.021	4.06034
57.031	4.02925
57.041	3.99213
57.051	3.94906
57.061	3.90012
57.071	3.84541
57.081	3.78506
57.091	3.71919
57.101	3.64796
57.111	3.57154
57.121	3.4901
57.131	3.40383
57.141	3.31294
57.151	3.21766
57.161	3.1182
57.171	3.01481
57.181	2.90773
57.191	2.79723
57.201	2.68357
57.211	2.56703
57.221	2.44788
57.231	2.32641
57.241	2.20291
57.251	2.07767
57.261	1.95099
57.271	1.82317
57.281	1.69449
57.291	1.56526
57.301	1.43576
57.311	1.3063
57.321	1.17715
57.331	1.04861
57.341	0.920934
57.351	0.794411
57.361	0.669297
57.371	0.545848
57.381	0.42431
57.391	0.304917
57.401	0.187895
57.411	0.0734582
57.421	-0.0381924
57.431	-0.146868
57.441	-0.252391
57.451	-0.354601
57.461	-0.45335
57.471	-0.548502
57.481	-0.639941
57.491	-0.727561
57.501	-0.811275
57.511	-0.891009
57.521	-0.966706
57.531	-1.03832
57.541	-1.10584
57.551	-1.16924
57.561	-1.22852
57.571	-1.28372
57.581	-1.33486
57.591	-1.38199
57.601	-1.42518
57.611	-1.46451
57.621	-1.50005
57.631	-1.53193
57.641	-1.56024
57.651	-1.58513
57.661	-1.60672
57.671	-1.62517
57.681	-1.64063
57.691	-1.65327
57.701	-1.66327
57.711	-1.67079
57.721	-1.67604
57.731	-1.6792
57.741	-1.68047
57.751	-1.68005
57.761	-1.67815
57.771	-1.67496
57.781	-1.67069
57.791	-1.66556
57.801	-1.65976
57.811	-1.65349
57.821	-1.64695
57.831	-1.64035
57.841	-1.63387
57.851	-1.62769
57.861	-1.622
57.871	-1.61697
57.881	-1.61277
57.891	-1.60954
57.901	-1.60745
57.911	-1.60662
57.921	-1.60718
57.931	-1.60926
57.941	-1.61295
57.951	-1.61836
57.961	-1.62556
57.971	-1.63462
57.981	-1.64561
57.991	-1.65857
58.001	-1.67352
58.011	-1.6905
58.021	-1.7095
58.031	-1.73052
58.041	-1.75355
58.051	-1.77854
58.061	-1.80546
58.071	-1.83424
58.081	-1.86483
58.091	-1.89714
58.101	-1.93108
58.111	-1.96655
58.121	-2.00344
58.131	-2.04163
58.141	-2.08099
58.151	-2.12138
58.161	-2.16265
58.171	-2.20467
58.181	-2.24726
58.191	-2.29027
58.201	-2.33353
58.211	-2.37687
58.221	-2.42012
58.231	-2.46309
58.241	-2.50563
58.251	-2.54754
58.261	-2.58867
58.271	-2.62882
58.281	-2.66784
58.291	-2.70556
58.301	-2.74182
58.311	-2.77645
58.321	-2.80932
58.331	-2.84027
58.341	-2.86918
58.351	-2.89591
58.361	-2.92034
58.371	-2.94238
58.381	-2.96193
58.391	-2.97889
58.401	-2.9932
58.411	-3.00479
58.421	-3.01361
58.431	-3.01964
58.441	-3.02284
58.451	-3.02322
58.461	-3.02077
58.471	-3.01552
58.481	-3.0075
58.491	-2.99676
58.501	-2.98336
58.511	-2.96739
58.521	-2.94893
58.531	-2.92809
58.541	-2.90499
58.551	-2.87977
58.561	-2.85256
58.571	-2.82352
58.581	-2.79284
58.591	-2.76068
58.601	-2.72724
58.611	-2.69273
58.621	-2.65735
58.631	-2.62132
58.641	-2.58488
58.651	-2.54825
58.661	-2.51169
58.671	-2.47542
58.681	-2.43971
58.691	-2.40479
58.701	-2.37094
58.711	-2.3384
58.721	-2.30742
58.731	-2.27825
58.741	-2.25116
58.751	-2.22637
58.761	-2.20414
58.771	-2.18469
58.781	-2.16826
58.791	-2.15506
58.801	-2.14529
58.811	-2.13917
58.821	-2.13687
58.831	-2.13857
58.841	-2.14442
58.851	-2.15458
58.861	-2.16917
58.871	-2.1883
58.881	-2.21207
58.891	-2.24056
58.901	-2.27381
58.911	-2.31187
58.921	-2.35476
58.931	-2.40246
58.941	-2.45496
58.951	-2.5122
58.961	-2.57412
58.971	-2.64062
58.981	-2.71159
58.991	-2.78688
59.001	-2.86633
59.011	-2.94976
59.021	-3.03696
59.031	-3.1277
59.041	-3.22173
59.051	-3.31876
59.061	-3.4185
59.071	-3.52063
59.081	-3.62481
59.091	-3.73069
59.101	-3.83788
59.111	-3.94599
59.121	-4.0546
59.131	-4.16328
59.141	-4.27159
59.151	-4.37906
59.161	-4.48523
59.171	-4.58961
59.181	-4.6917
59.191	-4.79101
59.201	-4.88702
59.211	-4.97922
59.221	-5.06708
59.231	-5.1501
59.241	-5.22774
59.251	-5.29949
59.261	-5.36483
59.271	-5.42325
59.281	-5.47424
59.291	-5.51731
59.301	-5.55197
59.311	-5.57775
59.321	-5.59421
59.331	-5.60089
59.341	-5.59738
59.351	-5.58328
59.361	-5.55822
59.371	-5.52185
59.381	-5.47386
59.391	-5.41394
59.401	-5.34185
59.411	-5.25736
59.421	-5.16028
59.431	-5.05048
59.441	-4.92783
59.451	-4.79229
59.461	-4.64382
59.471	-4.48247
59.481	-4.3083
59.491	-4.12145
59.501	-3.92211
59.511	-3.7105
59.521	-3.48693
59.531	-3.25176
59.541	-3.00539
59.551	-2.74831
59.561	-2.48106
59.571	-2.20425
59.581	-1.91856
59.591	-1.62473
59.601	-1.3236
59.611	-1.01605
59.621	-0.703044
59.631	-0.385634
59.641	-0.0649391
59.651	0.257841
59.661	0.581426
59.671	0.904452
59.681	1.22548
59.691	1.54297
59.701	1.85531
59.711	2.16081
59.721	2.45768
59.731	2.74405
59.741	3.01794
59.751	3.27732
59.761	3.52003
59.771	3.74385
59.781	3.94646
59.791	4.12544
59.801	4.27829
59.811	4.40242
59.821	4.49513
59.831	4.55366
59.841	4.57513
59.851	4.55659
59.861	4.495
59.871	4.38723
59.881	4.23004
59.891	4.02014
59.901	3.75414
59.911	3.42855
59.921	3.03984
59.931	2.58437
59.941	2.05843
59.951	1.45825
59.961	0.779965
59.971	0.0196691
59.981	-0.826616
59.991	-1.76293
60.001	-2.79335
