0.0001	3.26509e-007	1.53928
0.0101	7.85541e-007	1.46004
0.0201	1.16833e-006	1.46462
0.0301	2.46241e-006	1.4646
0.0401	2.68934e-007	1.46336
0.0501	2.69337e-006	1.46544
0.0601	3.28712e-007	1.46678
0.0701	9.286e-007	1.46462
0.0801	1.07271e-006	1.4646
0.0901	9.26442e-007	1.46393
0.1001	9.70975e-006	1.46466
0.1101	3.02217e-006	1.4646
0.1201	1.19741e-005	1.4646
0.1301	1.18303e-006	1.46464
0.1401	2.36904e-007	1.47212
0.1501	4.84732e-006	1.4646
0.1601	2.81262e-006	1.4644
0.1701	7.94905e-006	1.4646
0.1801	1.13876e-006	1.46378
0.1901	1.19803e-005	1.4646
0.2001	2.05653e-005	1.4646
0.2101	4.67701e-006	1.46378
0.2201	1.71542e-005	1.46462
0.2301	1.21033e-005	1.46458
0.2401	1.43252e-005	1.4646
0.2501	2.05893e-005	1.4646
0.2601	4.77327e-006	1.46448
0.2701	7.31148e-006	1.46445
0.2801	1.04836e-005	1.4646
0.2901	2.3625e-005	1.4646
0.3001	3.10993e-005	1.46447
0.3101	2.43067e-005	1.46468
0.3201	7.61143e-006	1.46473
0.3301	2.79153e-006	1.46517
0.3401	1.89955e-005	1.4647
0.3501	1.68575e-005	1.4645
0.3601	1.5042e-005	1.46414
0.3701	2.38992e-005	1.46365
0.3801	5.98597e-006	1.45452
0.3901	3.30222e-005	1.46061
0.4001	1.02298e-005	1.43989
0.4101	3.98253e-005	1.45372
0.4201	8.88495e-006	1.39164
0.4301	1.24068e-005	1.398
0.4401	1.17194e-005	1.39767
0.4501	6.71115e-006	1.44374
0.4601	4.1219e-005	1.50193
0.4701	1.28789e-005	1.90167
0.4801	1.28156e-005	2.75368
0.4901	2.34113e-005	2.8665
0.5001	6.18658e-005	2.12699
0.5101	5.85083e-005	2.75493
0.5201	8.51122e-005	2.51503
0.5301	9.74765e-005	2.45472
0.5401	0.000149063	1.96027
0.5501	0.00019346	1.55008
0.5601	0.00027518	1.0641
0.5701	0.000453752	0.674157
0.5801	0.000749643	0.440051
0.5901	0.00114366	0.231333
0.6001	0.00162422	-0.0129561
0.6101	0.00216675	-0.224936
0.6201	0.00272436	-0.428015
0.6301	0.00324728	-0.745933
0.6401	0.00385553	-1.14204
0.6501	0.00488534	-1.58567
0.6601	0.00687556	-2.04125
0.6701	0.00998119	-2.38103
0.6801	0.0145661	-2.68751
0.6901	0.0201538	-2.93819
0.7001	0.0263041	3.12275
0.7101	0.0324881	2.88037
0.7201	0.0384361	2.63299
0.7301	0.0440881	2.33503
0.7401	0.0505354	1.97847
0.7501	0.0602139	1.58399
0.7601	0.0761402	1.14399
0.7701	0.098501	0.821449
0.7801	0.127095	0.511989
0.7901	0.158452	0.256072
0.8001	0.190523	-0.00534922
0.8101	0.219734	-0.285992
0.8201	0.246162	-0.554023
0.8301	0.270966	-0.858647
0.8401	0.298729	-1.19881
0.8501	0.335923	-1.55829
0.8601	0.386723	-1.91061
0.8701	0.452761	-2.29188
0.8801	0.522286	-2.58017
0.8901	0.590356	-2.84086
0.9001	0.652947	-3.13201
0.9101	0.703337	2.8214
0.9201	0.746422	2.55466
0.9301	0.78409	2.24552
0.9401	0.821836	1.89605
0.9501	0.865109	1.57754
0.9601	0.910548	1.23921
0.9701	0.951468	0.948911
0.9801	0.982187	0.645447
0.9901	0.998419	0.326972
1.0001	0.99979	-0.00938204
1.0101	0.989771	-0.300217
1.0201	0.972861	-0.668845
1.0301	0.948887	-0.980105
1.0401	0.915432	-1.29187
1.0501	0.867784	-1.60092
1.0601	0.803869	-1.8442
1.0701	0.72353	-2.15228
1.0801	0.631627	-2.4667
1.0901	0.535853	-2.79015
1.1001	0.442651	-3.11968
1.1101	0.35428	2.83735
1.1201	0.270298	2.45484
1.1301	0.185238	2.17111
1.1401	0.100523	1.84604
1.1501	0.0190245	1.61145
1.1601	0.0534045	-1.80375
1.1701	0.110266	-2.14664
1.1801	0.15119	-2.42784
1.1901	0.176336	-2.7912
1.2001	0.192766	3.1285
1.2101	0.203694	2.79
1.2201	0.210312	2.41521
1.2301	0.206773	2.10223
1.2401	0.189139	1.84125
1.2501	0.158225	1.5517
1.2601	0.116718	1.28543
1.2701	0.071731	1.02554
1.2801	0.0287904	0.653267
1.2901	0.00809631	-2.55347
1.3001	0.0395937	-3.08658
1.3101	0.0699926	2.70083
1.3201	0.0986604	2.40931
1.3301	0.12447	2.11422
1.3401	0.142635	1.82158
1.3501	0.146583	1.58539
1.3601	0.135901	1.31698
1.3701	0.114204	1.06474
1.3801	0.0859197	0.735583
1.3901	0.0585903	0.406538
1.4001	0.0332892	0.0117793
1.4101	0.00880569	-0.15998
1.4201	0.018688	2.2579
1.4301	0.0486023	2.00619
1.4401	0.0759618	1.78751
1.4501	0.096092	1.55094
1.4601	0.104873	1.34848
1.4701	0.101334	1.09715
1.4801	0.0875505	0.760821
1.4901	0.0721757	0.416159
1.5001	0.0574159	-0.0184732
1.5101	0.0434122	-0.357523
1.5201	0.0267064	-0.66102
1.5301	0.00544678	-0.576744
1.5401	0.0209815	1.69166
1.5501	0.0450038	1.54629
1.5601	0.0634801	1.3984
1.5701	0.0711742	1.13469
1.5801	0.0705892	0.866206
1.5901	0.0636131	0.486984
1.6001	0.0569565	-0.0195584
1.6101	0.0528265	-0.419009
1.6201	0.0470214	-0.783198
1.6301	0.0355205	-1.08957
1.6401	0.0167588	-1.2605
1.6501	0.00525791	1.52064
1.6601	0.0258306	1.41722
1.6701	0.0398115	1.17415
1.6801	0.0470912	0.926615
1.6901	0.047665	0.573696
1.7001	0.0464952	0.0825088
1.7101	0.0491841	-0.461001
1.7201	0.0508995	-0.791435
1.7301	0.048142	-1.06906
1.7401	0.0382937	-1.31149
1.7501	0.0217964	-1.55932
1.7601	0.00261563	-2.07903
1.7701	0.014043	1.30146
1.7801	0.0246408	0.97271
1.7901	0.0290606	0.528429
1.8001	0.0332387	0.115573
1.8101	0.0403126	-0.520799
1.8201	0.0481424	-0.874533
1.8301	0.0524149	-1.15165
1.8401	0.0493698	-1.38605
1.8501	0.0378595	-1.53972
1.8601	0.0219667	-1.82028
1.8701	0.00579101	-2.32898
1.8801	0.00805587	1.26521
1.8901	0.0152537	0.689206
1.9001	0.0204878	0.00382488
1.9101	0.0286331	-0.452801
1.9201	0.0416335	-0.955354
1.9301	0.0498882	-1.19446
1.9401	0.0520198	-1.39714
1.9501	0.046189	-1.59431
1.9601	0.0340569	-1.74136
1.9701	0.01897	-2.05201
1.9801	0.00593064	-2.60718
1.9901	0.00497241	1.17995
2.0001	0.0101077	-0.0226325
2.0101	0.0183588	-0.422832
2.0201	0.0306739	-0.905659
2.0301	0.0433882	-1.2112
2.0401	0.048793	-1.36551
2.0501	0.0486447	-1.58847
2.0601	0.040224	-1.75681
2.0701	0.0275822	-1.98015
2.0801	0.0146433	-2.33355
2.0901	0.00515375	-2.97641
2.1001	0.00259622	0.579502
2.1101	0.0108721	-0.633182
2.1201	0.0219308	-0.94155
2.1301	0.0366228	-1.26367
2.1401	0.0451295	-1.42366
2.1501	0.0474056	-1.58022
2.1601	0.0423995	-1.7558
2.1701	0.0317447	-1.98678
2.1801	0.0207568	-2.20969
2.1901	0.010559	-2.72071
2.2001	0.00364568	3.06707
2.2101	0.00476834	-0.972543
2.2201	0.0156591	-1.0923
2.2301	0.0280935	-1.26833
2.2401	0.0387009	-1.42589
2.2501	0.0439624	-1.57923
2.2601	0.0418876	-1.75101
2.2701	0.035153	-1.88533
2.2801	0.0238249	-2.19511
2.2901	0.0146398	-2.52553
2.3001	0.00765569	-3.12987
2.3101	0.00186965	-2.83949
2.3201	0.00817362	-1.15402
2.3301	0.0197517	-1.26545
2.3401	0.0312419	-1.4076
2.3501	0.0389846	-1.54917
2.3601	0.0402033	-1.70496
2.3701	0.0344778	-1.90553
2.3801	0.0244855	-2.21484
2.3901	0.0165575	-2.53194
2.4001	0.0102227	3.10971
2.4101	0.00522783	2.87488
2.4201	0.00350395	-1.58694
2.4301	0.0134826	-1.32917
2.4401	0.0263109	-1.48659
2.4501	0.0341835	-1.60107
2.4601	0.0372028	-1.67228
2.4701	0.0343705	-1.8418
2.4801	0.0264224	-2.09287
2.4901	0.0173446	-2.52347
2.5001	0.0117036	3.10873
2.5101	0.00784253	2.78287
2.5201	0.00243034	-3.07242
2.5301	0.00860041	-1.46182
2.5401	0.0190189	-1.45668
2.5501	0.028821	-1.59911
2.5601	0.0328789	-1.71247
2.5701	0.0314298	-1.86418
2.5801	0.0253498	-2.09143
2.5901	0.0176543	-2.47689
2.6001	0.0124188	-3.08414
2.6101	0.00982783	2.64205
2.6201	0.0052964	2.58546
2.6301	0.00379056	-1.74464
2.6401	0.0141954	-1.51458
2.6501	0.0231842	-1.55628
2.6601	0.0289745	-1.69582
2.6701	0.0298892	-1.80948
2.6801	0.0235997	-2.0931
2.6901	0.0176519	-2.41318
2.7001	0.0127948	-2.92029
2.7101	0.0103827	2.8069
2.7201	0.00787274	2.31559
2.7301	0.00176622	-3.13839
2.7401	0.00927823	-1.55904
2.7501	0.018681	-1.59409
2.7601	0.0247326	-1.70295
2.7701	0.0273697	-1.78302
2.7801	0.0237669	-1.99621
2.7901	0.0168722	-2.3902
2.8001	0.0122468	-3.12466
2.8101	0.0110421	2.73145
2.8201	0.00979501	2.26822
2.8301	0.00446444	2.30331
2.8401	0.00487582	-1.65649
2.8501	0.0139002	-1.57377
2.8601	0.0208833	-1.6911
2.8701	0.023565	-1.80649
2.8801	0.0219367	-1.97717
2.8901	0.0172298	-2.26185
2.9001	0.0117042	3.1179
2.9101	0.0120739	2.5239
2.9201	0.0114361	2.19174
2.9301	0.00702566	2.04755
2.9401	0.00141041	-2.17019
2.9501	0.0101354	-1.60013
2.9601	0.0175451	-1.63547
2.9701	0.0214306	-1.76021
2.9801	0.0199046	-1.96205
2.9901	0.0145223	-2.36055
