0.0001	2.9805e-006	1.53929
0.0101	7.1767e-006	1.46017
0.0201	1.06763e-005	1.46462
0.0301	2.25042e-005	1.4646
0.0401	2.4564e-006	1.46357
0.0501	2.45962e-005	1.46537
0.0601	3.00673e-006	1.46675
0.0701	8.48176e-006	1.46461
0.0801	9.79833e-006	1.4646
0.0901	8.46633e-006	1.46398
0.1001	8.87812e-005	1.46461
0.1101	2.76068e-005	1.4646
0.1201	0.000109504	1.4646
0.1301	1.08136e-005	1.46468
0.1401	2.16166e-006	1.4676
0.1501	4.42773e-005	1.4646
0.1601	2.56811e-005	1.46452
0.1701	7.2623e-005	1.46459
0.1801	1.0405e-005	1.46466
0.1901	0.000109508	1.4646
0.2001	0.000188185	1.4646
0.2101	4.26783e-005	1.46452
0.2201	0.00015688	1.46461
0.2301	0.000110605	1.4646
0.2401	0.000130938	1.4646
0.2501	0.00018834	1.4646
0.2601	4.35695e-005	1.46462
0.2701	6.67413e-005	1.46459
0.2801	9.57479e-005	1.4646
0.2901	0.000216138	1.4646
0.3001	0.000284784	1.46457
0.3101	0.000222358	1.46459
0.3201	6.94681e-005	1.46462
0.3301	2.54547e-005	1.46466
0.3401	0.000173601	1.46461
0.3501	0.00015405	1.46454
0.3601	0.000137307	1.46455
0.3701	0.000218413	1.4645
0.3801	5.44127e-005	1.46349
0.3901	0.000302055	1.46417
0.4001	9.30635e-005	1.46185
0.4101	0.000365008	1.46341
0.4201	8.20926e-005	1.4567
0.4301	0.000116509	1.4575
0.4401	0.000114364	1.45762
0.4501	7.55135e-005	1.46274
0.4601	0.000401572	1.46843
0.4701	0.000142146	1.503
0.4801	7.88876e-005	1.62128
0.4901	8.52103e-005	1.73886
0.5001	0.000476785	1.54449
0.5101	0.000118475	1.95906
0.5201	0.000216948	1.81194
0.5301	9.81145e-005	2.44488
0.5401	0.000399072	1.6432
0.5501	0.000437264	1.50238
0.5601	0.000394003	1.18881
0.5701	0.000516899	0.790945
0.5801	0.000940049	0.714918
0.5901	0.00135989	0.547986
0.6001	0.00164809	0.0878179
0.6101	0.00215646	-0.173993
0.6201	0.00262006	-0.271139
0.6301	0.00313073	-0.694073
0.6401	0.00378666	-1.13123
0.6501	0.00470046	-1.58206
0.6601	0.0067916	-2.04597
0.6701	0.00963219	-2.41222
0.6801	0.0144244	-2.70337
0.6901	0.0200989	-2.94684
0.7001	0.0262796	3.11138
0.7101	0.0325069	2.87673
0.7201	0.0385668	2.62509
0.7301	0.0443575	2.32786
0.7401	0.0509279	1.97412
0.7501	0.0607212	1.58299
0.7601	0.0761628	1.14409
0.7701	0.0987834	0.82359
0.7801	0.127254	0.513752
0.7901	0.158636	0.259129
0.8001	0.190571	-0.00291577
0.8101	0.219703	-0.28521
0.8201	0.245991	-0.552567
0.8301	0.270622	-0.857289
0.8401	0.29825	-1.19797
0.8501	0.335368	-1.55809
0.8601	0.386126	-1.91097
0.8701	0.452755	-2.29189
0.8801	0.52212	-2.58058
0.8901	0.590065	-2.842
0.9001	0.652871	-3.13301
0.9101	0.703352	2.8213
0.9201	0.746695	2.55396
0.9301	0.784581	2.2449
0.9401	0.822186	1.89586
0.9501	0.865641	1.57747
0.9601	0.910895	1.2393
0.9701	0.952095	0.949284
0.9801	0.982749	0.646059
0.9901	0.998705	0.327591
1.0001	0.999822	-0.00904989
1.0101	0.989639	-0.299535
1.0201	0.972849	-0.668825
1.0301	0.948804	-0.980031
1.0401	0.915329	-1.29182
1.0501	0.867727	-1.60091
1.0601	0.802993	-1.84439
1.0701	0.722826	-2.15278
1.0801	0.631124	-2.4675
1.0901	0.535551	-2.7913
1.1001	0.442559	-3.1213
1.1101	0.354451	2.83496
1.1201	0.270377	2.4544
1.1301	0.185643	2.16925
1.1401	0.100634	1.8456
1.1501	0.0198978	1.60497
1.1601	0.0525519	-1.80581
1.1701	0.110213	-2.14688
1.1801	0.150817	-2.43016
1.1901	0.176233	-2.79239
1.2001	0.192744	3.12723
1.2101	0.203836	2.78724
1.2201	0.210433	2.41441
1.2301	0.206923	2.10169
1.2401	0.189643	1.8402
1.2501	0.158454	1.55157
1.2601	0.117041	1.28593
1.2701	0.0725282	1.0307
1.2801	0.0293302	0.672462
1.2901	0.00806817	-2.55769
1.3001	0.0394573	-3.10946
1.3101	0.070008	2.7002
1.3201	0.099152	2.40249
1.3301	0.12531	2.10914
1.3401	0.143243	1.82
1.3501	0.147429	1.58469
1.3601	0.136364	1.31749
1.3701	0.114859	1.06715
1.3801	0.0862131	0.738627
1.3901	0.0589519	0.417355
1.4001	0.0333544	0.0274312
1.4101	0.0088094	-0.0434147
1.4201	0.0193931	2.2217
1.4301	0.0489581	2.00186
1.4401	0.0765167	1.7851
1.4501	0.0963479	1.55073
1.4601	0.105553	1.34925
1.4701	0.10192	1.09939
1.4801	0.0876258	0.761592
1.4901	0.0723514	0.420451
1.5001	0.0574266	-0.015655
1.5101	0.0432166	-0.339694
1.5201	0.0261917	-0.628848
1.5301	0.00515479	-0.452456
1.5401	0.0210061	1.69173
1.5501	0.0451964	1.54612
1.5601	0.064799	1.39989
1.5701	0.0717431	1.13756
1.5801	0.0713025	0.87322
1.5901	0.0639987	0.496255
1.6001	0.0569526	-0.0170518
1.6101	0.0526462	-0.409444
1.6201	0.0466667	-0.774435
1.6301	0.0353726	-1.08763
1.6401	0.0160323	-1.24233
1.6501	0.00630466	1.51651
1.6601	0.026735	1.42022
1.6701	0.0401712	1.17793
1.6801	0.047892	0.937737
1.6901	0.0483663	0.59322
1.7001	0.0466297	0.10365
1.7101	0.0489622	-0.452877
1.7201	0.0501701	-0.776064
1.7301	0.0469992	-1.05447
1.7401	0.0371107	-1.3023
1.7501	0.0210271	-1.56065
1.7601	0.00143823	-2.61254
1.7701	0.0143866	1.31598
1.7801	0.0249504	0.987029
1.7901	0.0290208	0.537618
1.8001	0.0333063	0.151311
1.8101	0.0399902	-0.517502
1.8201	0.047543	-0.869727
1.8301	0.0517341	-1.15085
1.8401	0.0489533	-1.3908
1.8501	0.0364495	-1.54507
1.8601	0.0215965	-1.84288
1.8701	0.00547868	-2.49418
1.8801	0.0089362	1.34596
1.8901	0.0154348	0.753117
1.9001	0.0198674	0.024335
1.9101	0.0275253	-0.419585
1.9201	0.0409458	-0.967285
1.9301	0.0490117	-1.20616
1.9401	0.0511969	-1.41316
1.9501	0.0457464	-1.61818
1.9601	0.0325683	-1.7831
1.9701	0.0187978	-2.13627
1.9801	0.00661226	-2.93586
1.9901	0.00677004	1.5101
2.0001	0.00830557	0.0408625
2.0101	0.0157976	-0.338493
2.0201	0.0278779	-0.921855
2.0301	0.0413541	-1.25341
2.0401	0.0460484	-1.40889
2.0501	0.0475757	-1.64955
2.0601	0.0393066	-1.84317
2.0701	0.0274728	-2.12286
2.0801	0.0163709	-2.5833
2.0901	0.00926978	3.0504
2.1001	0.00507972	2.03494
2.1101	0.00558655	-0.811809
2.1201	0.0162384	-1.08454
2.1301	0.0331134	-1.41305
2.1401	0.0419324	-1.56488
2.1501	0.0449919	-1.73515
2.1601	0.0414793	-1.94873
2.1701	0.033397	-2.24955
2.1801	0.0243282	-2.62597
2.1901	0.019154	-3.13229
2.2001	0.0150309	2.75326
2.2101	0.00840654	3.074
2.2201	0.00975104	-2.07693
2.2301	0.0212161	-1.78376
2.2401	0.0327281	-1.82484
2.2501	0.0399777	-1.9604
2.2601	0.0412681	-2.1722
2.2701	0.0369208	-2.43013
2.2801	0.0336955	-2.83387
2.2901	0.0315985	3.06055
2.3001	0.0301566	2.79029
2.3101	0.0264873	2.69453
2.3201	0.0211287	2.85528
2.3301	0.0195794	-2.93058
2.3401	0.0262067	-2.53457
2.3501	0.0351086	-2.46016
2.3601	0.0413897	-2.57705
2.3701	0.0446367	-2.81904
2.3801	0.0470391	-3.13034
2.3901	0.0496323	2.88841
2.4001	0.0511041	2.6834
2.4101	0.0501949	2.58936
2.4201	0.0465319	2.59658
2.4301	0.0421435	2.72221
2.4401	0.0401121	3.04744
2.4501	0.044855	-3.10041
2.4601	0.0507326	3.13171
2.4701	0.0579021	3.02811
2.4801	0.0653598	2.84984
2.4901	0.0725453	2.66066
2.5001	0.0772797	2.50715
2.5101	0.0803307	2.42018
2.5201	0.0753877	2.38759
2.5301	0.0718239	2.41014
2.5401	0.0685218	2.47372
2.5501	0.0640482	2.59473
2.5601	0.0682188	2.62004
2.5701	0.0756558	2.57244
2.5801	0.0853155	2.47081
2.5901	0.095573	2.34866
2.6001	0.103876	2.23242
2.6101	0.107455	2.13562
2.6201	0.111663	2.08512
2.6301	0.104523	2.03709
2.6401	0.0942416	2.01423
2.6501	0.0931298	2.01933
2.6601	0.087697	2.00913
2.6701	0.0944782	1.99068
2.6801	0.100337	1.91499
2.6901	0.113588	1.84879
2.7001	0.126439	1.77375
2.7101	0.136241	1.69472
2.7201	0.132978	1.55717
2.7301	0.130931	1.46672
2.7401	0.125499	1.37239
2.7501	0.119684	1.27853
2.7601	0.11666	1.19378
2.7701	0.124507	1.19967
2.7801	0.130096	1.14013
2.7901	0.140063	1.08191
2.8001	0.151496	1.01085
2.8101	0.165265	0.990015
2.8201	0.17088	0.870224
2.8301	0.177875	0.809465
2.8401	0.176076	0.640791
2.8501	0.178614	0.559898
2.8601	0.177124	0.391133
2.8701	0.180369	0.336958
2.8801	0.184524	0.301664
2.8901	0.189737	0.278248
2.9001	0.194066	0.176164
2.9101	0.200291	0.131035
2.9201	0.206185	0.0576135
2.9301	0.211671	-0.0460427
2.9401	0.217072	-0.173396
2.9501	0.22241	-0.311351
2.9601	0.22466	-0.350758
2.9701	0.226612	-0.478928
2.9801	0.225496	-0.588767
2.9901	0.22104	-0.680764
