3	0.5	1.33799e-017
3	0.51	3.35022e-017
3	0.52	3.71098e-017
3	0.53	4.78453e-017
3	0.54	1.87598e-017
3	0.55	4.73453e-017
3	0.56	2.44005e-017
3	0.57	3.11812e-017
3	0.58	4.48686e-017
3	0.59	7.86566e-017
3	0.6	3.31729e-017
3	0.61	6.86922e-017
3	0.62	1.54657e-017
3	0.63	6.18912e-017
3	0.64	6.27172e-017
3	0.65	1.01359e-016
3	0.66	7.45218e-017
3	0.67	1.03788e-016
3	0.68	6.64812e-017
3	0.69	5.92224e-017
3	0.7	1.13151e-016
3	0.71	1.11936e-016
3	0.72	9.5439e-017
3	0.73	1.51876e-016
3	0.74	1.59534e-016
3	0.75	1.17437e-016
3	0.76	1.03716e-016
3	0.77	1.7645e-016
3	0.78	2.49349e-016
3	0.79	1.51386e-016
3	0.8	1.39388e-016
3	0.81	2.04966e-016
3	0.82	6.17413e-014
3	0.83	7.05137e-005
3	0.84	4.35666e-005
3	0.85	4.96706e-005
5	0.5	0
5	0.51	1.77821e-019
5	0.52	2.87497e-019
5	0.53	2.42297e-017
3	0.86	5.18793e-005
5	0.54	1.5952e-017
5	0.55	1.03094e-017
5	0.56	6.32366e-019
5	0.57	3.24465e-017
5	0.58	7.58797e-018
5	0.59	2.63049e-018
5	0.6	5.72896e-018
3	0.87	5.16723e-005
5	0.61	1.01029e-017
5	0.62	7.25147e-018
5	0.63	4.28077e-018
5	0.64	1.31286e-017
5	0.65	1.18449e-017
5	0.66	2.71646e-017
3	0.88	5.0547e-005
5	0.67	7.62303e-018
5	0.68	1.43603e-017
5	0.69	1.94443e-017
5	0.7	4.5292e-017
5	0.71	2.57498e-017
5	0.72	2.46826e-017
3	0.89	3.62948e-005
5	0.73	2.26931e-017
5	0.74	4.51009e-017
5	0.75	4.5497e-017
5	0.76	5.31893e-017
5	0.77	4.32442e-017
3	0.9	3.07157e-005
5	0.78	6.63749e-017
5	0.79	9.45042e-017
5	0.8	8.91982e-017
5	0.81	1.31909e-016
5	0.82	1.3177e-016
3	0.91	2.71103e-005
5	0.83	1.07547e-016
5	0.84	1.68264e-016
5	0.85	1.57089e-016
5	0.86	1.28871e-016
3	0.92	3.02101e-005
5	0.87	8.18254e-016
5	0.88	3.68071e-005
3	0.93	2.94595e-005
5	0.89	5.11825e-005
5	0.9	3.28963e-005
3	0.94	2.56031e-005
5	0.91	4.34055e-005
7	0.5	5.90572e-018
7	0.51	9.69545e-018
5	0.92	4.49124e-005
3	0.95	2.36565e-005
7	0.52	0
7	0.53	9.13221e-018
7	0.54	2.53007e-019
7	0.55	1.30103e-018
7	0.56	0
7	0.57	1.17453e-017
7	0.58	9.9262e-018
7	0.59	5.37433e-018
7	0.6	2.47081e-020
5	0.93	4.93268e-005
7	0.61	7.23474e-018
7	0.62	2.15367e-020
7	0.63	2.19402e-018
7	0.64	1.89512e-018
7	0.65	2.42131e-018
7	0.66	1.78556e-018
7	0.67	1.94421e-017
7	0.68	1.65803e-017
7	0.69	9.55893e-018
3	0.96	2.30162e-005
7	0.7	1.30569e-019
5	0.94	4.25027e-005
7	0.71	1.88094e-017
7	0.72	2.01126e-017
7	0.73	5.08126e-018
7	0.74	2.64692e-018
7	0.75	7.95406e-018
7	0.76	1.25037e-017
7	0.77	2.38752e-017
5	0.95	3.87576e-005
7	0.78	1.61398e-017
7	0.79	3.94381e-017
7	0.8	5.79512e-017
7	0.81	5.37094e-017
7	0.82	5.91811e-017
7	0.83	8.92623e-017
7	0.84	8.06316e-017
7	0.85	6.57531e-017
5	0.96	3.037e-005
7	0.86	9.02577e-017
7	0.87	1.07591e-016
3	0.97	1.8764e-005
7	0.88	9.86737e-017
7	0.89	1.34226e-016
7	0.9	1.24813e-016
7	0.91	1.38144e-005
7	0.92	1.05594e-005
5	0.97	2.81014e-005
7	0.93	1.92621e-005
9	0.5	1.99664e-018
7	0.94	1.23707e-005
9	0.51	0
9	0.52	1.1844e-017
9	0.53	1.1961e-018
9	0.54	1.96599e-017
9	0.55	1.35894e-018
9	0.56	3.77492e-018
9	0.57	7.5831e-018
9	0.58	1.36272e-018
9	0.59	6.0946e-020
9	0.6	1.24774e-017
9	0.61	1.75197e-017
9	0.62	1.40834e-018
9	0.63	1.09944e-017
9	0.64	6.82294e-018
7	0.95	1.05178e-005
9	0.65	1.503e-017
9	0.66	3.00864e-017
9	0.67	1.2347e-018
9	0.68	7.39181e-019
9	0.69	6.39173e-018
9	0.7	1.75813e-017
9	0.71	1.78864e-017
9	0.72	2.39344e-017
9	0.73	2.58249e-017
9	0.74	4.04063e-018
9	0.75	4.82545e-018
9	0.76	1.4083e-017
9	0.77	7.37682e-018
7	0.96	1.0128e-005
9	0.78	1.24455e-018
9	0.79	5.02243e-018
9	0.8	3.3968e-018
9	0.81	2.40442e-017
9	0.82	1.25897e-017
9	0.83	3.02195e-017
9	0.84	3.42557e-017
9	0.85	6.06421e-017
9	0.86	9.69112e-017
9	0.87	7.8086e-017
9	0.88	1.31123e-016
9	0.89	8.19645e-017
9	0.9	1.10311e-016
7	0.97	1.08125e-005
9	0.91	1.89019e-016
9	0.92	6.57231e-016
9	0.93	4.51554e-005
9	0.94	3.82412e-005
9	0.95	4.69755e-005
9	0.96	3.92605e-005
2	0.5	5.12519e-017
2	0.51	5.76809e-017
2	0.52	6.74032e-017
2	0.53	4.36277e-017
2	0.54	1.31935e-016
2	0.55	7.41471e-017
2	0.56	9.82719e-017
2	0.57	1.33888e-016
2	0.58	8.74888e-017
2	0.59	1.66763e-016
2	0.6	9.99009e-017
2	0.61	9.98784e-017
2	0.62	9.4729e-017
2	0.63	1.47894e-016
2	0.64	1.00171e-016
2	0.65	1.72001e-016
2	0.66	1.82679e-016
2	0.67	1.3719e-016
2	0.68	1.0183e-016
2	0.69	2.30814e-016
2	0.7	1.48164e-016
2	0.71	3.0021e-016
2	0.72	1.72423e-016
2	0.73	1.51354e-016
2	0.74	2.5604e-016
2	0.75	3.68612e-016
2	0.76	9.70453e-016
2	0.77	4.16197e-007
2	0.78	1.13506e-005
2	0.79	3.48766e-005
2	0.8	3.7426e-005
9	0.97	1.80669e-005
2	0.81	3.75074e-005
2	0.82	3.50279e-005
2	0.83	4.2957e-005
2	0.84	3.92875e-005
2	0.85	2.87768e-005
2	0.86	2.72273e-005
2	0.87	3.15312e-005
2	0.88	2.78189e-005
2	0.89	3.13108e-005
2	0.9	2.45782e-005
2	0.91	2.25633e-005
2	0.92	2.03346e-005
2	0.93	1.83953e-005
2	0.94	1.76252e-005
6	0.5	0
6	0.51	3.14917e-018
6	0.52	1.23853e-018
6	0.53	5.07702e-019
6	0.54	1.32731e-017
6	0.55	4.51151e-018
6	0.56	0
6	0.57	1.44616e-019
2	0.95	1.76579e-005
6	0.58	5.91188e-018
6	0.59	5.04562e-018
6	0.6	1.54488e-017
6	0.61	1.4966e-017
6	0.62	1.33787e-018
6	0.63	4.50079e-018
6	0.64	1.405e-017
6	0.65	9.4858e-018
6	0.66	8.64534e-019
6	0.67	8.76981e-018
6	0.68	4.95919e-018
6	0.69	2.77536e-018
6	0.7	1.71676e-018
2	0.96	1.61276e-005
6	0.71	2.33599e-018
6	0.72	2.13612e-017
6	0.73	2.4767e-017
6	0.74	5.60242e-017
6	0.75	1.74801e-017
6	0.76	5.29454e-017
6	0.77	8.30928e-017
6	0.78	3.09722e-017
6	0.79	1.23783e-016
6	0.8	8.75428e-017
6	0.81	9.86202e-017
6	0.82	7.73098e-017
6	0.83	8.84038e-017
6	0.84	1.02856e-016
6	0.85	8.60485e-017
6	0.86	1.28782e-016
2	0.97	1.42728e-005
6	0.87	1.35884e-016
6	0.88	1.35193e-016
6	0.89	4.27401e-016
6	0.9	2.35127e-005
6	0.91	1.63129e-005
6	0.92	2.06092e-005
6	0.93	1.63131e-005
6	0.94	1.98059e-005
10	0.5	1.08073e-018
10	0.51	9.24076e-019
10	0.52	1.11672e-017
10	0.53	1.41086e-017
10	0.54	1.43123e-018
10	0.55	1.36545e-018
6	0.95	2.05155e-005
10	0.56	1.94738e-018
10	0.57	1.51301e-017
10	0.58	4.61679e-018
10	0.59	7.28105e-018
10	0.6	7.00505e-018
10	0.61	4.08377e-019
10	0.62	2.02575e-018
10	0.63	6.98724e-019
10	0.64	8.45254e-018
10	0.65	2.6664e-018
10	0.66	7.88352e-018
10	0.67	3.59748e-018
10	0.68	8.37796e-018
10	0.69	5.5352e-018
6	0.96	1.60996e-005
10	0.7	3.56916e-020
10	0.71	7.23855e-018
10	0.72	7.31586e-018
10	0.73	7.92807e-018
10	0.74	9.42766e-018
10	0.75	1.87484e-018
10	0.76	1.96134e-017
10	0.77	1.54579e-017
10	0.78	1.54229e-018
10	0.79	5.74781e-018
10	0.8	2.43837e-018
10	0.81	9.46419e-018
10	0.82	2.13231e-017
10	0.83	2.12747e-017
10	0.84	1.51555e-017
10	0.85	4.28458e-017
6	0.97	1.26044e-005
10	0.86	4.44965e-017
10	0.87	6.14642e-017
10	0.88	7.93419e-017
10	0.89	9.4914e-017
10	0.9	1.25389e-016
10	0.91	1.30531e-016
10	0.92	2.56428e-016
10	0.93	5.88875e-005
10	0.94	4.09628e-005
10	0.95	2.61255e-005
10	0.96	3.3908e-005
10	0.97	2.20559e-005
4	0.5	1.38707e-020
4	0.51	1.76491e-017
4	0.52	2.24028e-018
4	0.53	1.04387e-017
4	0.54	4.19977e-018
4	0.55	2.66584e-017
4	0.56	1.80675e-017
4	0.57	3.27445e-017
4	0.58	1.52142e-017
4	0.59	1.38613e-017
4	0.6	1.76671e-017
4	0.61	7.95243e-017
4	0.62	1.31331e-017
4	0.63	1.03264e-017
4	0.64	2.30948e-017
4	0.65	3.34387e-017
4	0.66	1.64785e-017
4	0.67	2.87083e-017
4	0.68	4.37147e-017
4	0.69	3.32007e-017
4	0.7	5.44714e-017
4	0.71	5.2827e-017
4	0.72	1.1052e-016
4	0.73	1.11842e-016
4	0.74	1.17094e-016
4	0.75	6.56239e-017
4	0.76	9.59821e-017
4	0.77	1.10657e-016
4	0.78	1.20928e-016
4	0.79	1.59623e-016
4	0.8	1.13086e-016
4	0.81	1.4914e-016
4	0.82	1.62682e-016
4	0.83	1.51124e-016
4	0.84	1.36795e-016
4	0.85	2.9784e-016
4	0.86	3.62543e-005
4	0.87	5.92055e-005
4	0.88	4.25185e-005
4	0.89	5.16093e-005
4	0.9	5.61438e-005
4	0.91	5.06673e-005
8	0.5	3.67577e-020
8	0.51	4.08118e-018
8	0.52	9.54422e-018
8	0.53	2.8672e-019
8	0.54	1.28353e-017
8	0.55	4.34046e-018
8	0.56	2.1845e-018
4	0.92	3.36215e-005
8	0.57	3.96212e-018
8	0.58	8.73388e-019
8	0.59	4.42885e-019
8	0.6	3.27524e-017
8	0.61	2.91643e-019
8	0.62	2.97358e-018
8	0.63	9.39975e-018
4	0.93	3.30239e-005
8	0.64	2.35178e-018
8	0.65	1.44247e-017
8	0.66	8.80319e-018
8	0.67	3.70227e-018
8	0.68	5.35445e-018
8	0.69	3.12171e-018
8	0.7	1.28744e-017
4	0.94	2.9114e-005
8	0.71	4.3531e-018
8	0.72	4.5288e-018
8	0.73	6.0848e-018
8	0.74	1.59441e-018
8	0.75	5.47525e-019
8	0.76	4.59313e-018
8	0.77	2.31358e-017
4	0.95	2.44647e-005
8	0.78	1.70929e-017
8	0.79	1.70734e-017
8	0.8	9.31167e-018
8	0.81	1.31531e-017
8	0.82	5.18054e-017
8	0.83	4.95545e-017
8	0.84	4.54335e-017
8	0.85	5.09281e-017
4	0.96	2.55917e-005
8	0.86	1.06516e-016
8	0.87	9.28342e-017
8	0.88	1.20256e-016
8	0.89	7.84868e-017
8	0.9	1.53697e-016
8	0.91	1.71578e-016
8	0.92	1.01763e-005
8	0.93	2.43532e-005
4	0.97	2.03374e-005
8	0.94	2.52013e-005
8	0.95	3.55037e-005
8	0.96	1.55979e-005
8	0.97	1.04916e-005
