0.0001
0.0101
0.0201
0.0301
0.0401
0.0501
0.0601
0.0701
0.0801
0.0901
0.1001
0.1101
0.1201
0.1301
0.1401
0.1501
0.1601
0.1701
0.1801
0.1901
0.2001
0.2101
0.2201
0.2301
0.2401
0.2501
0.2601
0.2701
0.2801
0.2901
0.3001
0.3101
0.3201
0.3301
0.3401
0.3501
0.3601
0.3701
0.3801
0.3901
0.4001
0.4101
0.4201
0.4301
0.4401
0.4501
0.4601
0.4701
0.4801
0.4901
0.5001
0.5101
0.5201
0.5301
0.5401
0.5501
0.5601
0.5701
0.5801
0.5901
0.6001
0.6101
0.6201
0.6301
0.6401
0.6501
0.6601
0.6701
0.6801
0.6901
0.7001
0.7101
0.7201
0.7301
0.7401
0.7501
0.7601
0.7701
0.7801
0.7901
0.8001
0.8101
0.8201
0.8301
0.8401
0.8501
0.8601
0.8701
0.8801
0.8901
0.9001
0.9101
0.9201
0.9301
0.9401
0.9501
0.9601
0.9701
0.9801
0.9901
1.0001
1.0101
1.0201
1.0301
1.0401
1.0501
1.0601
1.0701
1.0801
1.0901
1.1001
1.1101
1.1201
1.1301
1.1401
1.1501
1.1601
1.1701
1.1801
1.1901
1.2001
1.2101
1.2201
1.2301
1.2401
1.2501
1.2601
1.2701
1.2801
1.2901
1.3001
1.3101
1.3201
1.3301
1.3401
1.3501
1.3601
1.3701
1.3801
1.3901
1.4001
1.4101
1.4201
1.4301
1.4401
1.4501
1.4601
1.4701
1.4801
1.4901
1.5001
1.5101
1.5201
1.5301
1.5401
1.5501
1.5601
1.5701
1.5801
1.5901
1.6001
1.6101
1.6201
1.6301
1.6401
1.6501
1.6601
1.6701
1.6801
1.6901
1.7001
1.7101
1.7201
1.7301
1.7401
1.7501
1.7601
1.7701
1.7801
1.7901
1.8001
1.8101
1.8201
1.8301
1.8401
1.8501
1.8601
1.8701
1.8801
1.8901
1.9001
1.9101
1.9201
1.9301
1.9401
1.9501
1.9601
1.9701
1.9801
1.9901
2.0001
2.0101
2.0201
2.0301
2.0401
2.0501
2.0601
2.0701
2.0801
2.0901
2.1001
2.1101
2.1201
2.1301
2.1401
2.1501
2.1601
2.1701
2.1801
2.1901
2.2001
2.2101
2.2201
2.2301
2.2401
2.2501
2.2601
2.2701
2.2801
2.2901
2.3001
2.3101
2.3201
2.3301
2.3401
2.3501
2.3601
2.3701
2.3801
2.3901
2.4001
2.4101
2.4201
2.4301
2.4401
2.4501
2.4601
2.4701
2.4801
2.4901
2.5001
2.5101
2.5201
2.5301
2.5401
2.5501
2.5601
2.5701
2.5801
2.5901
2.6001
2.6101
2.6201
2.6301
2.6401
2.6501
2.6601
2.6701
2.6801
2.6901
2.7001
2.7101
2.7201
2.7301
2.7401
2.7501
2.7601
2.7701
2.7801
2.7901
2.8001
2.8101
2.8201
2.8301
2.8401
2.8501
2.8601
2.8701
2.8801
2.8901
2.9001
2.9101
2.9201
2.9301
2.9401
2.9501
2.9601
2.9701
2.9801
2.9901
