0.0001	1.51513e-007	1.53931
0.0101	3.64474e-007	1.46002
0.0201	5.42159e-007	1.46459
0.0301	1.14287e-006	1.46462
0.0401	1.2466e-007	1.46213
0.0501	1.24738e-006	1.46509
0.0601	1.52623e-007	1.4687
0.0701	4.30911e-007	1.46461
0.0801	4.97812e-007	1.4646
0.0901	4.30083e-007	1.4625
0.1001	4.50684e-006	1.46464
0.1101	1.40249e-006	1.4646
0.1201	5.55738e-006	1.4646
0.1301	5.49933e-007	1.4649
0.1401	1.09989e-007	1.47509
0.1501	2.24954e-006	1.4646
0.1601	1.30549e-006	1.46454
0.1701	3.69007e-006	1.46472
0.1801	5.2696e-007	1.46139
0.1901	5.56004e-006	1.4646
0.2001	9.54515e-006	1.4646
0.2101	2.17217e-006	1.46396
0.2201	7.96054e-006	1.46461
0.2301	5.61613e-006	1.46447
0.2401	6.6483e-006	1.4646
0.2501	9.55596e-006	1.4646
0.2601	2.21548e-006	1.46469
0.2701	3.39342e-006	1.46423
0.2801	4.865e-006	1.4646
0.2901	1.0965e-005	1.46461
0.3001	1.44346e-005	1.46432
0.3101	1.12812e-005	1.46482
0.3201	3.53203e-006	1.46489
0.3301	1.2956e-006	1.46584
0.3401	8.81658e-006	1.46481
0.3501	7.82752e-006	1.4638
0.3601	6.98563e-006	1.46347
0.3701	1.10997e-005	1.46257
0.3801	2.79008e-006	1.44297
0.3901	1.5343e-005	1.45592
0.4001	4.77485e-006	1.41048
0.4101	1.84772e-005	1.44115
0.4201	4.08074e-006	1.30517
0.4301	5.5696e-006	1.31592
0.4401	4.99907e-006	1.30849
0.4501	2.17218e-006	1.40011
0.4601	1.76041e-005	1.55223
0.4701	6.25533e-006	2.52235
0.4801	1.23853e-005	-3.13877
0.4901	2.31124e-005	3.08826
0.5001	4.33717e-005	2.53488
0.5101	5.71781e-005	2.85286
0.5201	8.03568e-005	2.63046
0.5301	9.74491e-005	2.45547
0.5401	0.000134185	2.0215
0.5501	0.000177455	1.55803
0.5601	0.000267552	1.0522
0.5701	0.000449807	0.665453
0.5801	0.000739596	0.417462
0.5901	0.00113423	0.20693
0.6001	0.00162324	-0.0196091
0.6101	0.00216769	-0.228181
0.6201	0.00273359	-0.437709
0.6301	0.00325547	-0.749013
0.6401	0.00386018	-1.14244
0.6501	0.00489711	-1.58553
0.6601	0.00687953	-2.04059
0.6701	0.0100013	-2.37878
0.6801	0.0145706	-2.68627
0.6901	0.0201502	-2.93747
0.7001	0.0262961	3.1236
0.7101	0.0324747	2.88068
0.7201	0.0384127	2.63355
0.7301	0.044053	2.33553
0.7401	0.0504889	1.97876
0.7501	0.0601542	1.58406
0.7601	0.0761013	1.14398
0.7701	0.0984267	0.821282
0.7801	0.127	0.511799
0.7901	0.158317	0.255721
0.8001	0.190349	-0.0057868
0.8101	0.219512	-0.286525
0.8201	0.2459	-0.554868
0.8301	0.270687	-0.859838
0.8401	0.298473	-1.20034
0.8501	0.335739	-1.56008
0.8601	0.386643	-1.91249
0.8701	0.452757	-2.29373
0.8801	0.522347	-2.58198
0.8901	0.590431	-2.84267
0.9001	0.652962	-3.13399
0.9101	0.70328	2.81896
0.9201	0.746363	2.55163
0.9301	0.784228	2.24161
0.9401	0.82261	1.89106
0.9501	0.866938	1.57158
0.9601	0.914058	1.23256
0.9701	0.956943	0.941836
0.9801	0.990063	0.638388
0.9901	1.00892	0.320481
1.0001	1.01285	-0.0146986
1.0101	1.00515	-0.304384
1.0201	0.990115	-0.671179
1.0301	0.968133	-0.981266
1.0401	0.937093	-1.29227
1.0501	0.892897	-1.60092
1.0601	0.833898	-1.84372
1.0701	0.760313	-2.14982
1.0801	0.676969	-2.45822
1.0901	0.590769	-2.76736
1.1001	0.506832	-3.06854
1.1101	0.426267	2.93756
1.1201	0.347166	2.64219
1.1301	0.268799	2.48972
1.1401	0.194933	2.41018
1.1501	0.14492	2.60098
1.1601	0.136513	2.89841
1.1701	0.164365	2.9756
1.1801	0.202402	2.88803
1.1901	0.241036	2.62031
1.2001	0.281456	2.30659
1.2101	0.324094	1.99487
1.2201	0.372793	1.64182
1.2301	0.417291	1.32623
1.2401	0.453794	1.04192
1.2501	0.487474	0.730397
1.2601	0.513615	0.44947
1.2701	0.534948	0.202156
1.2801	0.553595	-0.056104
1.2901	0.564684	-0.319834
1.3001	0.572412	-0.497598
1.3101	0.568444	-0.738189
1.3201	0.572667	-0.906024
1.3301	0.580099	-1.1052
1.3401	0.599025	-1.34378
1.3501	0.640389	-1.5595
1.3601	0.703662	-1.80285
1.3701	0.783443	-2.00715
1.3801	0.875068	-2.23115
1.3901	0.964168	-2.42068
1.4001	1.049	-2.63635
1.4101	1.12127	-2.82474
1.4201	1.18354	-3.04247
1.4301	1.23498	2.99413
1.4401	1.27667	2.78087
1.4501	1.30801	2.54564
1.4601	1.32991	2.35088
1.4701	1.33967	2.1374
1.4801	1.33765	1.90444
1.4901	1.33171	1.71315
1.5001	1.32143	1.5022
1.5101	1.31312	1.33537
1.5201	1.30357	1.15065
1.5301	1.29156	0.94793
1.5401	1.27341	0.725106
1.5501	1.24733	0.542685
1.5601	1.2129	0.399727
1.5701	1.1669	0.158551
1.5801	1.11702	-0.0462956
1.5901	1.0654	-0.28172
1.6001	1.01489	-0.542211
1.6101	0.957181	-0.747845
1.6201	0.892039	-0.966625
1.6301	0.814981	-1.19523
1.6401	0.722223	-1.36862
1.6501	0.620896	-1.55617
1.6601	0.515863	-1.75968
1.6701	0.413827	-1.97906
1.6801	0.319661	-2.14357
1.6901	0.23562	-2.30646
1.7001	0.162229	-2.43922
1.7101	0.0994799	-2.46871
1.7201	0.0503642	-2.09469
1.7301	0.0484768	-1.07549
1.7401	0.0850236	-0.733281
1.7501	0.124805	-0.745832
1.7601	0.161255	-0.795085
1.7701	0.198704	-0.984537
1.7801	0.234204	-1.13799
1.7901	0.26971	-1.31713
1.8001	0.297747	-1.44525
1.8101	0.323075	-1.65376
1.8201	0.332108	-1.81332
1.8301	0.325965	-1.99552
1.8401	0.303876	-2.21122
1.8501	0.272659	-2.39486
1.8601	0.233298	-2.7095
1.8701	0.196923	-2.98746
1.8801	0.162952	2.99011
1.8901	0.129143	2.6866
1.9001	0.0905006	2.40994
1.9101	0.04698	2.1977
1.9201	0.00359466	-0.78187
1.9301	0.049707	-1.25123
1.9401	0.0897228	-1.42258
1.9501	0.119377	-1.59537
1.9601	0.138362	-1.71668
1.9701	0.146865	-1.92218
1.9801	0.150625	-2.07516
1.9901	0.150669	-2.23864
2.0001	0.146959	-2.48623
2.0101	0.14552	-2.58073
2.0201	0.140702	-2.76506
2.0301	0.134118	-2.97812
2.0401	0.126673	3.14093
2.0501	0.119613	2.82892
2.0601	0.112865	2.57932
2.0701	0.105904	2.31419
2.0801	0.0955514	2.05352
2.0901	0.0775897	1.79607
2.1001	0.0512555	1.56404
2.1101	0.0196064	0.824543
2.1201	0.0278515	-1.07853
2.1301	0.0627217	-1.58458
2.1401	0.0880675	-1.8288
2.1501	0.102265	-2.0727
2.1601	0.105632	-2.37013
2.1701	0.103861	-2.75296
2.1801	0.105568	-3.05958
2.1901	0.110904	2.78599
2.2001	0.115468	2.52601
2.2101	0.118216	2.22222
2.2201	0.110444	2.04856
2.2301	0.095843	1.88911
2.2401	0.0769496	1.73117
2.2501	0.057329	1.5643
2.2601	0.0400747	1.38653
2.2701	0.0252626	1.28035
2.2801	0.0141606	1.15212
2.2901	0.00321984	1.39409
2.3001	0.00707718	-2.61809
2.3101	0.0182068	-2.51601
2.3201	0.0292601	-2.57593
2.3301	0.0391672	-2.70744
2.3401	0.0472804	-2.92105
2.3501	0.05477	3.05404
2.3601	0.0650526	2.68095
2.3701	0.0804324	2.32088
2.3801	0.0980079	2.02383
2.3901	0.106979	1.85803
2.4001	0.11108	1.63154
2.4101	0.102086	1.47134
2.4201	0.0843727	1.2767
2.4301	0.0612315	0.994563
2.4401	0.0385847	0.335566
2.4501	0.0313706	-0.467459
2.4601	0.0324986	-1.07962
2.4701	0.0329346	-1.61242
2.4801	0.0284364	-2.24398
2.4901	0.0298526	-3.13752
2.5001	0.0442046	2.48537
2.5101	0.0575538	2.2392
2.5201	0.0702073	1.97971
2.5301	0.0742261	1.85174
2.5401	0.0735837	1.73217
2.5501	0.0696178	1.54308
2.5601	0.0644124	1.42024
2.5701	0.0594609	1.29633
2.5801	0.0548876	1.17315
2.5901	0.0498209	1.04378
2.6001	0.0430523	0.885715
2.6101	0.0341343	0.65072
2.6201	0.0250246	0.383872
2.6301	0.018178	-0.286648
2.6401	0.0174975	-1.07905
2.6501	0.0177094	-1.67349
2.6601	0.0158612	-2.49982
2.6701	0.0210805	2.90455
2.6801	0.0397215	2.1911
2.6901	0.0588546	1.93598
2.7001	0.075582	1.75497
2.7101	0.0858155	1.59975
2.7201	0.0856484	1.37136
2.7301	0.0752691	1.16921
2.7401	0.0596982	0.879965
2.7501	0.0453528	0.441492
2.7601	0.0380929	-0.115857
2.7701	0.0346645	-0.484913
2.7801	0.0310696	-0.86511
2.7901	0.0218166	-1.15181
2.8001	0.00775628	-1.62555
2.8101	0.00758693	2.50116
2.8201	0.0214915	1.9616
2.8301	0.0305656	1.84226
2.8401	0.0372667	1.67783
2.8501	0.0403432	1.58751
2.8601	0.0419938	1.42805
2.8701	0.0436659	1.33514
2.8801	0.0454366	1.24287
2.8901	0.0467033	1.14569
2.9001	0.045431	0.949731
2.9101	0.0416926	0.765792
2.9201	0.0358796	0.473853
2.9301	0.0310765	0.0201922
2.9401	0.0309078	-0.51914
2.9501	0.0334665	-0.955587
2.9601	0.0321401	-1.19781
2.9701	0.0264734	-1.50837
2.9801	0.0140047	-2.07804
2.9901	0.0148204	2.42766
