0.0001	5.37492e-010	-1.58283
0.0101	5.34391e-010	-1.88001
0.0201	1.26903e-010	-1.1803
0.0301	7.17267e-010	1.54241
0.0401	5.66032e-010	-1.29275
0.0501	1.55311e-009	-1.51003
0.0601	1.28081e-009	-0.842502
0.0701	4.03356e-010	-1.70457
0.0801	6.81767e-010	-1.68994
0.0901	2.35453e-009	-0.872102
0.1001	9.03375e-009	1.49214
0.1101	1.68839e-009	-1.67296
0.1201	1.48902e-008	1.46495
0.1301	2.84791e-009	-1.61043
0.1401	2.52841e-009	-2.80259
0.1501	2.92775e-009	-1.67697
0.1601	2.99333e-009	-1.63117
0.1701	6.654e-010	-1.43303
0.1801	2.70404e-009	-1.59504
0.1901	5.70291e-009	1.46383
0.2001	4.47153e-008	1.4646
0.2101	7.05645e-009	-1.10901
0.2201	2.07799e-008	1.46827
0.2301	4.81371e-010	0.946707
0.2401	6.11708e-009	1.46488
0.2501	3.37339e-008	1.46457
0.2601	8.95693e-009	-1.60115
0.2701	8.76161e-009	-1.56491
0.2801	8.76098e-009	-1.68072
0.2901	4.3439e-008	1.46699
0.3001	1.04345e-007	1.43904
0.3101	4.43577e-008	1.51138
0.3201	1.429e-008	-1.74919
0.3301	8.0551e-009	-1.87688
0.3401	8.01176e-009	1.7035
0.3501	4.65846e-009	-1.47195
0.3601	6.98665e-009	-0.297645
0.3701	4.51686e-008	0.941637
0.3801	6.05457e-008	-0.0206263
0.3901	1.76167e-007	0.616799
0.4001	2.56014e-007	-0.0718174
0.4101	4.52976e-007	0.18973
0.4201	6.7196e-007	-0.375668
0.4301	9.44677e-007	-0.61397
0.4401	1.24152e-006	-0.996838
0.4501	1.79604e-006	-1.59898
0.4601	3.16833e-006	-2.1842
0.4701	7.00698e-006	-2.56859
0.4801	1.35357e-005	-2.81905
0.4901	2.37754e-005	-3.00502
0.5001	3.81766e-005	3.11753
0.5101	5.64719e-005	2.94124
0.5201	7.71691e-005	2.74089
0.5301	9.73981e-005	2.45595
0.5401	0.000121791	2.08594
0.5501	0.0001636	1.56573
0.5601	0.000260956	1.0409
0.5701	0.000446437	0.657463
0.5801	0.000731298	0.397271
0.5901	0.00112674	0.185539
0.6001	0.00162244	-0.0255627
0.6101	0.00216842	-0.2312
0.6201	0.00274146	-0.446228
0.6301	0.00326222	-0.752062
0.6401	0.00386409	-1.14336
0.6501	0.00490816	-1.58609
0.6601	0.00688598	-2.04067
0.6701	0.0100244	-2.37738
0.6801	0.0145838	-2.68558
0.6901	0.0201607	-2.93712
0.7001	0.0263073	3.12414
0.7101	0.0324859	2.88082
0.7201	0.0384202	2.63396
0.7301	0.0440554	2.33592
0.7401	0.0504876	1.979
0.7501	0.0601521	1.58412
0.7601	0.0761374	1.14398
0.7701	0.0984664	0.821186
0.7801	0.127075	0.511772
0.7901	0.158429	0.255699
0.8001	0.190518	-0.00564662
0.8101	0.219738	-0.286088
0.8201	0.246184	-0.554202
0.8301	0.271008	-0.858812
0.8401	0.298787	-1.19891
0.8501	0.335991	-1.55831
0.8601	0.386796	-1.91056
0.8701	0.452762	-2.29188
0.8801	0.522306	-2.58012
0.8901	0.590391	-2.84072
0.9001	0.652956	-3.13189
0.9101	0.703335	2.82141
0.9201	0.746389	2.55474
0.9301	0.784031	2.24559
0.9401	0.821793	1.89608
0.9501	0.865044	1.57754
0.9601	0.910505	1.2392
0.9701	0.951392	0.948866
0.9801	0.982119	0.645373
0.9901	0.998384	0.326896
1.0001	0.999786	-0.00942301
1.0101	0.989787	-0.3003
1.0201	0.972862	-0.668847
1.0301	0.948898	-0.980114
1.0401	0.915445	-1.29188
1.0501	0.867792	-1.60092
1.0601	0.803975	-1.84418
1.0701	0.723615	-2.15222
1.0801	0.631688	-2.4666
1.0901	0.535889	-2.79001
1.1001	0.442662	-3.11948
1.1101	0.354259	2.83764
1.1201	0.270288	2.4549
1.1301	0.185188	2.17134
1.1401	0.10051	1.8461
1.1501	0.0189191	1.61228
1.1601	0.0535077	-1.8035
1.1701	0.110272	-2.14661
1.1801	0.151236	-2.42756
1.1901	0.176349	-2.79105
1.2001	0.192769	3.12866
1.2101	0.203677	2.79034
1.2201	0.210298	2.41531
1.2301	0.206754	2.1023
1.2401	0.189077	1.84138
1.2501	0.158197	1.55171
1.2601	0.116679	1.28536
1.2701	0.0716346	1.02491
1.2801	0.0287255	0.650883
1.2901	0.00809987	-2.55294
1.3001	0.0396116	-3.08382
1.3101	0.0699906	2.70091
1.3201	0.098601	2.41014
1.3301	0.124369	2.11484
1.3401	0.142561	1.82177
1.3501	0.146481	1.58547
1.3601	0.135844	1.31692
1.3701	0.114124	1.06444
1.3801	0.0858834	0.735205
1.3901	0.0585465	0.405209
1.4001	0.0332817	0.00984736
1.4101	0.00881322	-0.174009
1.4201	0.0186046	2.26247
1.4301	0.0485584	2.00674
1.4401	0.0758937	1.78781
1.4501	0.0960601	1.55097
1.4601	0.104789	1.34839
1.4701	0.101262	1.09688
1.4801	0.0875408	0.760727
1.4901	0.0721536	0.415627
1.5001	0.0574141	-0.0188259
1.5101	0.0434364	-0.35969
1.5201	0.02677	-0.664841
1.5301	0.0054873	-0.591061
1.5401	0.0209786	1.69169
1.5501	0.0449797	1.54633
1.5601	0.0633223	1.39823
1.5701	0.0711038	1.13435
1.5801	0.0705018	0.86536
1.5901	0.0635648	0.485855
1.6001	0.0569549	-0.0198688
1.6101	0.0528468	-0.420198
1.6201	0.0470633	-0.784305
1.6301	0.0355372	-1.08988
1.6401	0.0168464	-1.2628
1.6501	0.00513165	1.52202
1.6601	0.0257205	1.41702
1.6701	0.0397655	1.17381
1.6801	0.0469915	0.925349
1.6901	0.0475768	0.571399
1.7001	0.0464728	0.0799748
1.7101	0.0492034	-0.462056
1.7201	0.0509806	-0.793379
1.7301	0.0482726	-1.07095
1.7401	0.038431	-1.31286
1.7501	0.0218879	-1.55981
1.7601	0.00278544	-2.05324
1.7701	0.0139988	1.30094
1.7801	0.0245942	0.971695
1.7901	0.0290477	0.527824
1.8001	0.0332084	0.111487
1.8101	0.0403241	-0.521447
1.8201	0.0481902	-0.875558
1.8301	0.0524769	-1.15233
1.8401	0.0494055	-1.38626
1.8501	0.0380177	-1.54029
1.8601	0.0220154	-1.81996
1.8701	0.00586936	-2.31883
1.8801	0.00794635	1.26242
1.8901	0.01519	0.685088
1.9001	0.0204843	0.00226915
1.9101	0.0286807	-0.457359
1.9201	0.041642	-0.955534
1.9301	0.0499316	-1.19491
1.9401	0.0520718	-1.39743
1.9501	0.046215	-1.59435
1.9601	0.0342271	-1.74104
1.9701	0.0190392	-2.05058
1.9801	0.00602453	-2.58656
1.9901	0.00477592	1.16789
2.0001	0.0101069	-0.0236237
2.0101	0.0184243	-0.433505
2.0201	0.0307878	-0.909249
2.0301	0.0434593	-1.21202
2.0401	0.0489706	-1.36668
2.0501	0.0486896	-1.58855
2.0601	0.0403133	-1.75663
2.0701	0.0276826	-1.97902
2.0801	0.0147157	-2.32976
2.0901	0.00516697	-2.96735
2.1001	0.0024752	0.517339
2.1101	0.0109203	-0.64071
2.1201	0.0220718	-0.947311
2.1301	0.0366498	-1.264
2.1401	0.0451928	-1.42402
2.1501	0.0474799	-1.58037
2.1601	0.0424562	-1.75569
2.1701	0.0317568	-1.98665
2.1801	0.0209025	-2.20559
2.1901	0.0105938	-2.71509
2.2001	0.00365541	3.11496
2.2101	0.00478538	-0.975565
2.2201	0.0157214	-1.09492
2.2301	0.0281879	-1.26978
2.2401	0.0388034	-1.42657
2.2501	0.0440456	-1.57942
2.2601	0.0419244	-1.75094
2.2701	0.0353534	-1.88413
2.2801	0.0239165	-2.19293
2.2901	0.0147913	-2.51399
2.3001	0.00766523	-3.11979
2.3101	0.00193396	-2.76841
2.3201	0.00834711	-1.16596
2.3301	0.019959	-1.26998
2.3401	0.0314618	-1.40953
2.3501	0.0391886	-1.54984
2.3601	0.0403631	-1.70485
2.3701	0.034567	-1.90493
2.3801	0.0244882	-2.21477
2.3901	0.016649	-2.52564
2.4001	0.0102231	3.11019
2.4101	0.00521316	2.89331
2.4201	0.00367525	-1.59115
2.4301	0.0136959	-1.33481
2.4401	0.0263114	-1.48659
2.4501	0.0341929	-1.60109
2.4601	0.0374627	-1.67232
2.4701	0.0345937	-1.84072
2.4801	0.0265791	-2.09027
2.4901	0.0174086	-2.51932
2.5001	0.0117039	3.10907
2.5101	0.00780634	2.80152
2.5201	0.00243315	-3.06601
2.5301	0.00872099	-1.46484
2.5401	0.0192301	-1.45914
2.5501	0.0288395	-1.59916
2.5601	0.0329475	-1.7124
2.5701	0.0315288	-1.86358
2.5801	0.0254546	-2.08962
2.5901	0.0177304	-2.47248
2.6001	0.0124329	-3.07742
2.6101	0.00981166	2.64604
2.6201	0.00518863	2.63059
2.6301	0.00396606	-1.74165
2.6401	0.0142705	-1.51544
2.6501	0.023423	-1.55752
2.6601	0.0290754	-1.69576
2.6701	0.0301175	-1.80847
2.6801	0.0236501	-2.09216
2.6901	0.0177605	-2.40766
2.7001	0.0128683	-2.90386
2.7101	0.010322	2.83377
2.7201	0.00785019	2.31888
2.7301	0.0017733	-3.10663
2.7401	0.00934051	-1.55983
2.7501	0.0187332	-1.59432
2.7601	0.0247584	-1.70292
2.7701	0.0276454	-1.78196
2.7801	0.0239697	-1.99341
2.7901	0.016974	-2.38501
2.8001	0.012252	-3.12128
2.8101	0.0109759	2.75133
2.8201	0.00972631	2.27558
2.8301	0.00429596	2.34808
2.8401	0.00497079	-1.65688
2.8501	0.0141206	-1.57538
2.8601	0.0209123	-1.69108
2.8701	0.023685	-1.80583
2.8801	0.0221293	-1.97448
2.8901	0.0174547	-2.25334
2.9001	0.0117051	3.11881
2.9101	0.012053	2.527
2.9201	0.0113904	2.19531
2.9301	0.0069713	2.0527
2.9401	0.00145899	-2.15237
2.9501	0.0101657	-1.60036
2.9601	0.0178528	-1.63619
2.9701	0.02168	-1.75925
2.9801	0.0200762	-1.95954
2.9901	0.0145959	-2.35645
