0.0001	1.52051e-007	1.53938
0.0101	3.64998e-007	1.45973
0.0201	5.4227e-007	1.4647
0.0301	1.14216e-006	1.46457
0.0401	1.25185e-007	1.46384
0.0501	1.24892e-006	1.4653
0.0601	1.5349e-007	1.47486
0.0701	4.31314e-007	1.46459
0.0801	4.98494e-007	1.46458
0.0901	4.31715e-007	1.46644
0.1001	4.49781e-006	1.46459
0.1101	1.40418e-006	1.4646
0.1201	5.54249e-006	1.4646
0.1301	5.52775e-007	1.46524
0.1401	1.11078e-007	1.45444
0.1501	2.25247e-006	1.4646
0.1601	1.30848e-006	1.46464
0.1701	3.69072e-006	1.46476
0.1801	5.29654e-007	1.46182
0.1901	5.55434e-006	1.4646
0.2001	9.50043e-006	1.4646
0.2101	2.17812e-006	1.4657
0.2201	7.93976e-006	1.4646
0.2301	5.61571e-006	1.46451
0.2401	6.64218e-006	1.4646
0.2501	9.52223e-006	1.4646
0.2601	2.22441e-006	1.465
0.2701	3.40212e-006	1.46452
0.2801	4.87376e-006	1.4646
0.2901	1.09216e-005	1.4646
0.3001	1.43303e-005	1.4645
0.3101	1.12369e-005	1.46463
0.3201	3.54629e-006	1.4646
0.3301	1.30349e-006	1.4646
0.3401	8.80879e-006	1.4646
0.3501	7.83208e-006	1.46392
0.3601	6.98695e-006	1.46445
0.3701	1.10606e-005	1.4646
0.3801	2.78425e-006	1.4646
0.3901	1.52259e-005	1.46453
0.4001	4.75905e-006	1.46409
0.4101	1.834e-005	1.4646
0.4201	4.20787e-006	1.46457
0.4301	5.96748e-006	1.46467
0.4401	5.90354e-006	1.46521
0.4501	3.95825e-006	1.4646
0.4601	2.0306e-005	1.46468
0.4701	7.4719e-006	1.46433
0.4801	4.27952e-006	1.46487
0.4901	4.4943e-006	1.46504
0.5001	2.39453e-005	1.46476
0.5101	5.06955e-006	1.46586
0.5201	9.25748e-006	1.46585
0.5301	6.91867e-008	1.71304
0.5401	1.4881e-005	1.46641
0.5501	1.39172e-005	1.46735
0.5601	7.23965e-006	1.47159
0.5701	4.9166e-006	1.47718
0.5801	1.70108e-005	1.46856
0.5901	2.53126e-005	1.46689
0.6001	9.69455e-006	1.46589
0.6101	6.58714e-006	1.45192
0.6201	2.46123e-005	1.45421
0.6301	1.20148e-005	1.41713
0.6401	5.27425e-006	1.26217
0.6501	1.13968e-005	1.30898
0.6601	6.47017e-006	1.01901
0.6701	2.69871e-005	1.31143
0.6801	1.66485e-005	1.1081
0.6901	1.25762e-005	0.799118
0.7001	1.80952e-005	0.887191
0.7101	1.20231e-005	0.125144
0.7201	1.73213e-005	0.615082
0.7301	1.72347e-005	0.627445
0.7401	1.22731e-005	0.517347
0.7501	4.03213e-006	0.577842
0.7601	3.6096e-005	-1.99676
0.7701	4.08495e-005	-2.55382
0.7801	7.53232e-005	-2.67542
0.7901	0.000112357	-2.91677
0.8001	0.000170646	-2.99024
0.8101	0.000245844	-3.02736
0.8201	0.000327288	3.11192
0.8301	0.000424444	2.99587
0.8401	0.000531967	2.88096
0.8501	0.000644762	2.75183
0.8601	0.000759753	2.598
0.8701	0.000840063	2.41423
0.8801	0.000969054	2.17316
0.8901	0.00114872	1.90553
0.9001	0.00137314	1.58416
0.9101	0.00172816	1.21754
0.9201	0.00232182	0.971124
0.9301	0.00313244	0.735902
0.9401	0.00420546	0.518149
0.9501	0.00550152	0.355224
0.9601	0.00702824	0.194996
0.9701	0.00870621	0.06588
0.9801	0.0105142	-0.0724624
0.9901	0.0123516	-0.224682
1.0001	0.0141035	-0.397995
1.0101	0.0158901	-0.56161
1.0201	0.0174042	-0.801905
1.0301	0.0192669	-1.03805
1.0401	0.021651	-1.30904
1.0501	0.0251056	-1.60096
1.0601	0.0299259	-1.83145
1.0701	0.0367411	-2.10248
1.0801	0.0456105	-2.34194
1.0901	0.0563399	-2.55025
1.1001	0.068556	-2.73351
1.1101	0.0818021	-2.89889
1.1201	0.0958755	-3.08838
1.1301	0.109519	3.04752
1.1401	0.122419	2.86461
1.1501	0.135444	2.71793
1.1601	0.147147	2.52626
1.1701	0.157265	2.27703
1.1801	0.170614	2.06973
1.1901	0.185735	1.80663
1.2001	0.206185	1.55214
1.2101	0.232621	1.31933
1.2201	0.266488	1.05788
1.2301	0.306158	0.83348
1.2401	0.349365	0.643421
1.2501	0.396968	0.434364
1.2601	0.443902	0.253207
1.2701	0.489049	0.0945774
1.2801	0.532081	-0.0911782
1.2901	0.569701	-0.308622
1.3001	0.60643	-0.463151
1.3101	0.635691	-0.705908
1.3201	0.669989	-0.88046
1.3301	0.704153	-1.09136
1.3401	0.741553	-1.33918
1.3501	0.786869	-1.55887
1.3601	0.839479	-1.80638
1.3701	0.897323	-2.01605
1.3801	0.959753	-2.24675
1.3901	1.01998	-2.43851
1.4001	1.0784	-2.65102
1.4101	1.12905	-2.82842
1.4201	1.17326	-3.02931
1.4301	1.20891	3.02766
1.4401	1.23686	2.83229
1.4501	1.25826	2.6097
1.4601	1.27657	2.42012
1.4701	1.29141	2.20509
1.4801	1.30382	1.96559
1.4901	1.31408	1.76605
1.5001	1.31982	1.54566
1.5101	1.31921	1.36805
1.5201	1.31031	1.17048
1.5301	1.2914	0.952177
1.5401	1.26161	0.711421
1.5501	1.22376	0.511679
1.5601	1.17981	0.354592
1.5701	1.12858	0.106351
1.5801	1.07529	-0.0981497
1.5901	1.02062	-0.324981
1.6001	0.965943	-0.571633
1.6101	0.907305	-0.766591
1.6201	0.845799	-0.976714
1.6301	0.779649	-1.20003
1.6401	0.705473	-1.37114
1.6501	0.626018	-1.55669
1.6601	0.541568	-1.75801
1.6701	0.45359	-1.97807
1.6801	0.366545	-2.15288
1.6901	0.281824	-2.35049
1.7001	0.201814	-2.57387
1.7101	0.128258	-2.82389
1.7201	0.0613873	-3.02282
1.7301	0.000300158	-1.89589
1.7401	0.0569043	-0.354405
1.7501	0.110924	-0.601877
1.7601	0.16042	-0.778563
1.7701	0.208148	-1.03536
1.7801	0.247726	-1.2233
1.7901	0.278979	-1.41753
1.8001	0.299129	-1.55649
1.8101	0.308125	-1.77253
1.8201	0.306075	-1.9406
1.8301	0.29369	-2.12935
1.8401	0.272775	-2.34465
1.8501	0.249353	-2.51011
1.8601	0.220099	-2.78727
1.8701	0.192352	-3.00638
1.8801	0.164381	3.03787
1.8901	0.136186	2.78813
1.9001	0.106598	2.53901
1.9101	0.0735651	2.38101
1.9201	0.0381065	2.16976
1.9301	0.00281458	-2.87373
1.9401	0.0376903	-1.45735
1.9501	0.0731624	-1.59601
1.9601	0.104148	-1.70867
1.9701	0.128006	-1.90313
1.9801	0.145401	-2.05488
1.9901	0.155283	-2.23059
2.0001	0.154954	-2.5272
2.0101	0.156327	-2.67971
2.0201	0.152253	-2.96036
2.0301	0.14879	3.01446
2.0401	0.144801	2.80343
2.0501	0.141645	2.49378
2.0601	0.133074	2.29373
2.0701	0.119868	2.10165
2.0801	0.10127	1.91557
2.0901	0.0774981	1.72943
2.1001	0.0500627	1.60686
2.1101	0.0214138	1.35639
2.1201	0.00663138	-1.52913
2.1301	0.0302321	-1.97656
2.1401	0.0498148	-2.19416
2.1501	0.0644575	-2.42833
2.1601	0.075045	-2.70236
2.1701	0.0839223	-3.01849
2.1801	0.0931774	3.05366
2.1901	0.103658	2.7139
2.2001	0.112447	2.50795
2.2101	0.122994	2.22003
2.2201	0.126165	2.04832
2.2301	0.124028	1.88517
2.2401	0.11575	1.72576
2.2501	0.101375	1.56338
2.2601	0.081999	1.38863
2.2701	0.0606121	1.267
2.2801	0.0378932	1.02424
2.2901	0.0172558	0.757395
2.3001	0.00370353	-1.14372
2.3101	0.0163412	-2.48645
2.3201	0.0291136	-2.86286
2.3301	0.0415282	3.07925
2.3401	0.0552181	2.75712
2.3501	0.0707135	2.47056
2.3601	0.0868663	2.22524
2.3701	0.101314	2.01452
2.3801	0.111334	1.82684
2.3901	0.113454	1.71869
2.4001	0.110608	1.53938
2.4101	0.101445	1.42049
2.4201	0.0879168	1.288
2.4301	0.0713487	1.13434
2.4401	0.0518274	0.84963
2.4501	0.0352846	0.604054
2.4601	0.0209751	0.423151
2.4701	0.00786621	0.0553245
2.4801	0.00461216	2.95844
2.4901	0.0186338	2.57349
2.5001	0.035371	2.29089
2.5101	0.0511192	2.15769
2.5201	0.0694492	1.9466
2.5301	0.0828278	1.83341
2.5401	0.092795	1.72187
2.5501	0.0984573	1.54289
2.5601	0.097359	1.42327
2.5701	0.0909863	1.28998
2.5801	0.0802146	1.13478
2.5901	0.066638	0.946252
2.6001	0.0523184	0.710826
2.6101	0.0392086	0.420666
2.6201	0.028559	0.241657
2.6301	0.0181524	-0.0678834
2.6401	0.00756406	-0.156062
2.6501	0.00618203	1.92193
2.6601	0.0213786	2.00953
2.6701	0.0367513	1.94402
2.6801	0.0540266	1.7817
2.6901	0.0673264	1.68736
2.7001	0.0773457	1.58806
2.7101	0.0829786	1.48207
2.7201	0.0813165	1.2929
2.7301	0.0760359	1.14807
2.7401	0.0671029	0.96995
2.7501	0.056301	0.743461
2.7601	0.0457683	0.455625
2.7701	0.0380492	0.289803
2.7801	0.0300348	-0.0595746
2.7901	0.0227767	-0.371953
2.8001	0.0140006	-0.564968
2.8101	0.00408279	0.0877771
2.8201	0.0126039	1.72095
2.8301	0.0268883	1.76477
2.8401	0.0421559	1.6552
2.8501	0.0544614	1.58199
2.8601	0.0629026	1.43552
2.8701	0.0673509	1.33536
2.8801	0.0675231	1.21806
2.8901	0.063738	1.07591
2.9001	0.052915	0.765915
2.9101	0.0455386	0.502882
2.9201	0.0392399	0.182771
2.9301	0.0347472	-0.16041
2.9401	0.0310331	-0.4722
2.9501	0.0260678	-0.719007
2.9601	0.0176816	-0.754896
2.9701	0.00767554	-0.73124
2.9801	0.00638801	1.44423
2.9901	0.020042	1.6146
